# .PCD v0.7 - Point Cloud Data file format
VERSION 0.7
FIELDS x y z
SIZE 4 4 4
TYPE F F F
COUNT 1 1 1
WIDTH 1770
HEIGHT 1
VIEWPOINT 0 0 0 1 0 0 0
POINTS 1770
DATA ascii
-1.1734372 0.09160345 2.1888001
-1.219866 -0.30108157 2.237
-1.2153746 -0.26663971 2.2334998
-1.180401 -0.27475232 2.2302172
-1.2179236 -0.22893301 2.237
-1.212312 -0.17129634 2.2369998
-1.1959089 -0.15798689 2.237
-1.2072822 -0.13774587 2.2369998
-1.1864122 -0.1246773 2.2369998
-1.1734627 -0.096043944 2.2369998
-1.1208004 -0.095180623 2.237
-1.2131888 -0.010683541 2.2369998
-1.1957239 -0.0074923532 2.237
-1.1402251 -0.0019424617 2.237
-1.2123998 0.02633179 2.2338617
-1.1897964 0.036505513 2.2319999
-1.1274604 0.0086023314 2.237
-1.2118593 0.073659003 2.2307882
-1.1850513 0.070411608 2.2261243
-1.14411 0.069928624 2.237
-1.2143573 -0.30310044 2.2520001
-1.2168622 -0.27659118 2.2550106
-1.1936554 -0.26250035 2.2545455
-1.2149365 -0.22473831 2.2545683
-1.1877794 -0.22125593 2.2645779
-1.2134086 -0.1808531 2.2572024
-1.1796966 -0.17162918 2.2651296
-1.2121581 -0.1174222 2.2541001
-1.172455 -0.12491884 2.2590013
-1.14175 -0.12206083 2.2569244
-1.2127193 -0.086452544 2.2754619
-1.1722016 -0.075761959 2.2551494
-1.1386925 -0.070154496 2.2667356
-1.2136973 -0.026814075 2.263231
-1.1735224 -0.023558248 2.2544687
-1.132234 -0.025315469 2.2686782
-1.0684203 -0.019280765 2.2970004
-1.0389156 -0.017708791 2.266
-1.2108374 0.0091907866 2.2520001
-1.1712199 0.024815185 2.2559078
-1.1281401 0.025204619 2.2674325
-1.1690136 0.073438257 2.2572353
-1.1261456 0.075209469 2.2693172
-1.090028 0.097733527 2.2970002
-1.1714095 0.10364848 2.2856114
-1.12554 0.10366648 2.285069
-1.0859724 0.10464799 2.2970004
-1.2563069 -0.082397453 2.3430004
-1.2375911 -0.071662188 2.3207145
-1.2736001 -0.032552082 2.3430002
-1.2318343 -0.040407456 2.3275001
-1.1145797 -0.011606418 2.3123648
-1.0779858 -0.010986166 2.3181586
-1.0499679 -0.016060693 2.312
-1.1121238 0.024412293 2.3158693
-1.0763036 0.025501328 2.3258784
-1.0477701 0.04475911 2.3430002
-1.1079234 0.069413409 2.3147037
-1.0738308 0.075405493 2.3278227
-1.042377 0.078445941 2.3419793
-1.1302713 0.10907888 2.312
-1.0690496 0.10445927 2.3262858
-1.0302488 0.11171325 2.3363791
-0.97452796 0.12410481 2.3430002
-1.3043895 -0.10592973 2.3920002
-1.2914509 -0.10537817 2.3888004
-1.3050818 -0.09623681 2.3920002
-1.2816465 -0.069825165 2.3712413
-1.276867 -0.039540261 2.3735335
-1.0591348 -0.010789449 2.3717647
-1.0349845 -0.0099288709 2.3847995
-1.0595978 0.020899614 2.3708775
-1.0263091 0.025711261 2.3852129
-0.99387008 0.03634844 2.392
-1.0672156 0.063500352 2.3590002
-1.0246 0.07323952 2.3763447
-0.98482633 0.075370133 2.3870773
-1.0549252 0.10446832 2.3590002
-1.0163972 0.10955862 2.3679481
-0.98471147 0.11327132 2.3860605
-1.3252242 -0.124956 2.4387503
-1.0668256 -0.018826336 2.4090002
-1.0040712 -0.0062754452 2.4090004
-0.99080473 -0.0026936943 2.4138575
-1.0073191 0.0097216563 2.4100003
-0.97580767 0.025105059 2.4247215
-0.96338516 0.075295053 2.4255295
-0.94744319 0.09664318 2.4373336
-0.96564418 0.11300138 2.4162855
-0.94507939 0.11567406 2.4281251
-1.3414708 -0.15166311 2.46
-1.3387835 -0.137095 2.4632728
-0.94280165 -0.0021673602 2.4960001
-0.95793247 0.026590215 2.4743989
-0.92640537 0.02610386 2.4769168
-0.87950188 0.031532738 2.4882061
-0.95455176 0.071150176 2.4669232
-0.9245382 0.075565748 2.4724302
-0.8749702 0.076485105 2.4848809
-0.83980042 0.089893848 2.4959996
-0.9505645 0.11150441 2.46
-0.92511958 0.11439128 2.4757733
-0.88075906 0.11672866 2.4900768
-0.8396973 0.11672781 2.4960001
-0.79975587 0.14954785 2.4960001
-0.90972418 0.015311369 2.5206316
-0.86505121 0.026676629 2.51895
-0.83350515 0.033190515 2.5268571
-0.7980991 0.01978758 2.5320001
-0.85800856 0.058477324 2.5150001
-0.82371312 0.072290055 2.5201402
-0.77850455 0.082085557 2.525275
-0.74093503 0.085432082 2.5320001
-0.86535811 0.1300045 2.5198772
-0.82433635 0.12473758 2.5228655
-0.77535117 0.12402685 2.5310445
-0.74133414 0.12737559 2.529428
-0.82080424 0.15062632 2.5140002
-0.81576788 0.032421283 2.5510004
-0.77461523 0.034195714 2.5590751
-0.73421746 0.037388843 2.5784035
-0.67527044 0.042980026 2.5847778
-0.80519557 0.054270402 2.5510001
-0.76781547 0.065138303 2.5509996
-0.72636324 0.073099375 2.5738294
-0.67731214 0.074985012 2.5786538
-0.64940047 0.091496289 2.5700002
-0.76421583 0.12072396 2.5510001
-0.72185487 0.12042523 2.5703783
-0.6782046 0.12391095 2.5754097
-0.70366001 0.15511994 2.5890002
-0.68269956 0.1536645 2.5754287
-0.80877697 0.0249203 2.6090002
-0.7775194 0.01953177 2.6170003
-0.7259903 0.032444607 2.6266932
-0.68520117 0.031575743 2.6227505
-0.71136129 0.063433491 2.6090002
-0.68795127 0.059657685 2.6090002
-0.74649143 0.14381945 2.6290002
-0.69490546 -0.0058395416 2.6900001
-0.7538414 0.016286895 2.6795001
-0.73073167 0.026319055 2.6826496
-0.69318521 0.020237749 2.6750004
-1.0038446 -0.056955721 2.733
-1.0038446 -0.043507844 2.7330003
-0.99146295 -0.020326592 2.733001
-0.71412343 -0.015458452 2.7286007
-0.69915336 -0.016478362 2.7110002
-0.98723251 0.002373155 2.733
-0.82627213 0.021186465 2.7110002
-0.75871921 0.012657537 2.7190003
-0.72671384 0.012956194 2.7223337
-0.69797635 0.0070621553 2.7110002
-1.07476 -0.069889836 2.7960265
-1.0343996 -0.067826435 2.7788188
-0.7588383 -0.051509541 2.7803335
-0.72347742 -0.06038481 2.7950008
-1.1045361 -0.020990381 2.799
-1.0763284 -0.023174755 2.7881155
-1.0295701 -0.023260843 2.7682955
-0.98096865 -0.016706172 2.76875
-0.94059002 -0.0072913952 2.7990003
-0.76851749 -0.027453434 2.7835331
-0.73079419 -0.029591735 2.7680342
-1.0854418 0.0024013759 2.7655001
-1.0172033 0.0024047047 2.7693336
-0.95841336 0.0064812405 2.7990003
-0.92770845 0.010937092 2.799
-0.86719275 0.018709661 2.7890003
-0.76803607 0.0037719163 2.770143
-0.74084681 0.0061157686 2.7591109
-1.1620802 -0.067689188 2.8449998
-1.1250819 -0.06457559 2.8388672
-1.0795118 -0.086519279 2.8220003
-0.75718492 -0.056360044 2.822
-0.7216996 -0.082492203 2.8327336
-1.1571394 -0.035079803 2.8449998
-1.1339028 -0.029389944 2.8392503
-0.9762243 -0.016962321 2.8255773
-0.93553054 -0.009003954 2.8285711
-0.80129284 -0.022053931 2.822
-0.791632 -0.01538363 2.8240914
-0.98164493 0.0053909607 2.8220003
-0.9199453 0.0063300584 2.8268421
-0.88016367 0.013532325 2.83465
-0.84735006 0.017292859 2.845
-1.1736836 -0.069162995 2.8732874
-1.1449778 -0.077228703 2.869
-1.2032903 -0.022608798 2.8930004
-1.1768211 -0.024069443 2.8729196
-0.93507713 -0.011351337 2.8716667
-0.91369855 0.0037420825 2.8750002
-0.87132043 0.0090659428 2.8824999
-0.84657377 0.012560442 2.8930001
-0.95287949 -0.020437093 2.9420002
-0.93249303 -0.011049591 2.935056
-0.87879503 -0.0025546367 2.9420002
-0.91578341 0.0025437826 2.9295001
-0.86901945 0.0035482708 2.9195001
-0.84599805 0.005065857 2.9170001
-0.9527427 -0.027124999 2.9735
-0.92802817 -0.012740855 2.9790006
-0.88248509 -0.007295501 2.9788184
-0.96518123 -0.035164319 3.0370004
-0.92706245 -0.01992931 3.0370004
-0.88869512 -0.016537726 3.0337279
-0.97218293 -0.036912709 3.0730004
-0.92705435 -0.028228737 3.0730009
-0.89035225 -0.025201449 3.0730002
-1.0514848 -0.067925379 3.1290002
-1.0177922 -0.062801898 3.1213636
-0.97407472 -0.065411597 3.1167808
-0.93089539 -0.059547082 3.1171541
-1.0689342 -0.037913606 3.1185
-1.0152485 -0.037630964 3.1196666
-0.96750844 -0.043704618 3.1010003
-0.92370963 -0.041529715 3.1021671
-0.89596921 -0.035848491 3.115
-1.659906 -0.34581375 3.1860001
-1.6193306 -0.23607552 3.1860003
-1.5741442 -0.091294833 3.1860001
-1.0692333 -0.061135259 3.168277
-1.0305582 -0.068991721 3.1775417
-0.93861282 -0.067473121 3.1715002
-1.1066041 -0.047030672 3.1860001
-1.0671763 -0.038184613 3.1686001
-1.0404255 -0.034540739 3.1570003
-0.90463841 -0.046602584 3.1570001
-0.8964144 -0.046602584 3.1570001
-1.7193521 -0.85685742 3.2460001
-1.7503569 -0.84840161 3.2460001
-1.741901 -0.84840161 3.2460001
-1.7668349 -0.76037449 3.2459996
-1.7657027 -0.73033315 3.2459993
-1.7334454 -0.73243594 3.2459996
-1.7645628 -0.6747753 3.2459996
-1.7447196 -0.68492228 3.2460001
-1.7616314 -0.62137538 3.2459996
-1.7301292 -0.6046747 3.2459993
-1.6729732 -0.6044637 3.2459998
-1.6432496 -0.60036397 3.2460001
-1.7576048 -0.58184165 3.2459996
-1.7227435 -0.57424694 3.2417827
-1.69244 -0.56936818 3.243
-1.6413707 -0.59096861 3.2460001
-1.760692 -0.52012748 3.2460003
-1.7248214 -0.5265795 3.2412398
-1.6844827 -0.5236336 3.2382236
-1.7612686 -0.47624376 3.2453344
-1.7272933 -0.47619641 3.2450335
-1.6785758 -0.47782585 3.2393334
-1.638263 -0.46723887 3.2460001
-1.7616313 -0.44534039 3.2460001
-1.7209152 -0.43641618 3.2436323
-1.6699336 -0.4272435 3.2438586
-1.632386 -0.43091181 3.2453344
-1.6723272 -0.37490129 3.2399077
-1.6205695 -0.36658537 3.2450323
-1.5935398 -0.36206329 3.2459998
-1.6642413 -0.33049905 3.2357883
-1.6258726 -0.32485363 3.2452323
-1.5934951 -0.32365 3.2459996
-1.6578242 -0.27563563 3.242667
-1.6250962 -0.27274022 3.2430017
-1.5925146 -0.27340522 3.2460001
-1.6219372 -0.22340305 3.2404017
-1.5925146 -0.22267018 3.2460001
-1.615678 -0.17849475 3.2415888
-1.5930785 -0.17672683 3.2459991
-1.6150638 -0.13452457 3.2459998
-1.5852462 -0.1228668 3.2318833
-1.5879699 -0.088401273 3.236769
-1.1128352 -0.060040042 3.2160001
-1.0613877 -0.079695374 3.2160001
-1.04721 -0.08098425 3.2160003
-0.92471433 -0.058315534 3.2326667
-1.5691439 -0.044987049 3.2385001
-1.7680216 -0.85176152 3.2770002
-1.731504 -0.86326218 3.2770002
-1.77561 -0.82655835 3.2769997
-1.7471545 -0.84512192 3.2770002
-1.7692413 -0.78130096 3.2769997
-1.7427152 -0.77432519 3.277
-1.6134146 -0.75975609 3.2770002
-1.7695124 -0.72520322 3.2769997
-1.7323207 -0.72161376 3.2769988
-1.6206234 -0.72295398 3.2770004
-1.7688619 -0.67585361 3.2770002
-1.72351 -0.67677015 3.276998
-1.6866393 -0.66547418 3.2770004
-1.7731197 -0.62637192 3.2770002
-1.7239553 -0.62751138 3.2769978
-1.6790173 -0.62265325 3.276998
-1.6408656 -0.61279291 3.2770002
-1.7815198 -0.57151347 3.2770002
-1.7079738 -0.57983124 3.2770002
-1.6863937 -0.57663786 3.2770002
-1.6212022 -0.56805736 3.2770002
-1.7794037 -0.54397023 3.2770002
-1.7115854 -0.5378049 3.2770002
-1.6708249 -0.52392673 3.2769978
-1.6260333 -0.52650529 3.2769971
-1.714228 -0.47330621 3.2770002
-1.6772234 -0.47899732 3.2770002
-1.6265172 -0.47387975 3.2769995
-1.7110163 -0.42199183 3.2770002
-1.6709946 -0.41159728 3.2770002
-1.6180069 -0.42178729 3.2769978
-1.7158537 -0.39268291 3.2770002
-1.6597967 -0.37845522 3.2770002
-1.6265353 -0.38209125 3.2770002
-1.5963415 -0.35853657 3.2770002
-1.672222 -0.31522128 3.2770002
-1.6088618 -0.32495934 3.2770002
-1.5849593 -0.3232958 3.2770002
-1.6726016 -0.29479674 3.2770002
-1.5862043 -0.28135163 3.2770002
-1.5822915 -0.221062 3.2770002
-1.6174796 -0.16260163 3.2770002
-1.593496 -0.18268292 3.2770002
-1.5394309 -0.15365854 3.2770002
-1.6260163 -0.13617885 3.2770002
-1.5740153 -0.12334277 3.2769985
-1.5353998 -0.11761515 3.2770002
-1.6063008 -0.078252032 3.2770002
-1.5704345 -0.076659389 3.2769971
-1.5332339 -0.078979194 3.2769992
-0.95514905 -0.073035233 3.2770002
-0.92567235 -0.068511568 3.2770002
-1.565447 -0.041056916 3.2770002
-1.5280488 -0.041102082 3.2770002
-1.4872631 -0.033197831 3.2770002
-1.4483739 -0.031300813 3.2770002
-1.7319578 -0.90224266 3.3410001
-1.8088113 -0.858325 3.3170002
-1.7597748 -0.85462964 3.3338888
-1.7320254 -0.87129748 3.327198
-1.6981292 -0.8993476 3.3090003
-1.7669541 -0.82652289 3.3219244
-1.7281774 -0.82174391 3.3380928
-1.6841583 -0.81520957 3.3410003
-1.7740576 -0.79105341 3.3250003
-1.7314143 -0.77907979 3.3324051
-1.6745416 -0.77830082 3.3395131
-1.6363466 -0.77328748 3.3228667
-1.7188774 -0.72859681 3.3194938
-1.6758651 -0.72328097 3.329514
-1.6319563 -0.73094732 3.3186002
-1.7644768 -0.66817635 3.309001
-1.7264793 -0.68059266 3.309001
-1.6747485 -0.67409509 3.3167439
-1.6119298 -0.69821554 3.3090003
-1.58762 -0.69691485 3.3303337
-1.7498488 -0.63500261 3.3090003
-1.6644971 -0.63532919 3.3227153
-1.6362218 -0.62027866 3.3216069
-1.7034113 -0.57166725 3.3250003
-1.6786216 -0.57837671 3.3215735
-1.6271366 -0.57715082 3.3211906
-1.6751426 -0.52581668 3.3090003
-1.6185538 -0.51753712 3.3278728
-1.582551 -0.50527525 3.3410001
-1.5187268 -0.50479174 3.3410001
-1.4998696 -0.5018906 3.3410001
-1.720209 -0.48422152 3.3102312
-1.6837626 -0.49133688 3.3090005
-1.6197951 -0.48006061 3.3299675
-1.5731225 -0.48393995 3.3410013
-1.5433861 -0.48883563 3.3410001
-1.7609688 -0.41775864 3.3410001
-1.7372063 -0.41548139 3.3090005
-1.6090662 -0.42854255 3.3184817
-1.5842955 -0.42054296 3.3271148
-1.5132145 -0.43110371 3.3410001
-1.498419 -0.43226415 3.3410001
-1.6636493 -0.39939079 3.3090003
-1.6068264 -0.3817164 3.3125558
-1.5767224 -0.37350345 3.3310459
-1.5404853 -0.36678222 3.3410001
-1.4882652 -0.37134102 3.3410001
-1.603089 -0.32601076 3.309001
-1.5720644 -0.32712182 3.3243065
-1.5332382 -0.32274315 3.3382583
-1.6004364 -0.27104941 3.3090005
-1.5696112 -0.27402815 3.320096
-1.537506 -0.27355495 3.335182
-1.6004364 -0.23109664 3.3090005
-1.5715678 -0.22827816 3.315495
-1.5304422 -0.22093001 3.329365
-1.4998697 -0.20597821 3.3410003
-1.604493 -0.16986363 3.309001
-1.5747229 -0.17533818 3.3103359
-1.5275546 -0.1756967 3.3147461
-1.4921997 -0.17162445 3.3233163
-1.6004364 -0.14653906 3.3090003
-1.5757748 -0.13223691 3.3104553
-1.5233043 -0.12550545 3.3182774
-1.4907839 -0.125356 3.3292465
-1.6111634 -0.074131541 3.309001
-1.5180454 -0.073894747 3.3222945
-1.4841211 -0.072734766 3.341001
-1.4336276 -0.065033041 3.3410006
-1.3935578 -0.054592986 3.3090003
-0.96641058 -0.083251633 3.3282001
-0.93437743 -0.083886921 3.3196676
-1.5156777 -0.045596313 3.3112864
-1.4803258 -0.04137592 3.3228679
-1.4229903 -0.043033015 3.3410001
-1.3935578 -0.048846357 3.3090003
-1.5200931 -1.0163243 3.3730001
-1.6606798 -0.95188874 3.3730001
-1.6489642 -0.95188874 3.3730001
-1.7251151 -0.91088432 3.3730006
-1.6623534 -0.92176306 3.3730006
-1.6489642 -0.90795541 3.3730001
-1.7216816 -0.87361652 3.3730009
-1.6753242 -0.87290627 3.3730011
-1.648964 -0.87573761 3.3730006
-1.7634571 -0.83207053 3.3730009
-1.733902 -0.83285052 3.3730009
-1.6745778 -0.82945001 3.3730009
-1.6489642 -0.82887548 3.3730006
-1.757333 -0.78201324 3.3730001
-1.7188798 -0.77539945 3.3730009
-1.6958264 -0.78494209 3.3730001
-1.6445708 -0.77029765 3.3730006
-1.7112696 -0.73887873 3.3730009
-1.6772768 -0.71601564 3.3730011
-1.6280801 -0.71579492 3.3730009
-1.5962442 -0.73515099 3.3730001
-1.6718627 -0.67763823 3.3730009
-1.6135092 -0.68273926 3.3730006
-1.6357841 -0.62190068 3.3730009
-1.5581686 -0.60920876 3.3730001
-1.549382 -0.60627991 3.3730001
-1.624632 -0.57045734 3.3730009
-1.5552398 -0.57406211 3.3730001
-1.5424591 -0.5753935 3.3730009
-1.6186991 -0.53559607 3.3730011
-1.576021 -0.52176082 3.3730009
-1.5280182 -0.5077315 3.3730009
-1.6108886 -0.47228324 3.3730009
-1.5673214 -0.48180214 3.3730009
-1.5319761 -0.47489825 3.3730009
-1.470302 -0.4539777 3.3730001
-1.5663046 -0.41264778 3.3730009
-1.5224364 -0.42644617 3.3730006
-1.5610976 -0.38870534 3.3730006
-1.5230817 -0.37101242 3.3730006
-1.4817922 -0.36543518 3.3730009
-1.5657837 -0.31104797 3.3730009
-1.5218163 -0.32820773 3.3730009
-1.472664 -0.32983065 3.3730009
-1.5634407 -0.28995997 3.3730009
-1.5293771 -0.27912852 3.3730009
-1.4799256 -0.2748971 3.3730006
-1.5591449 -0.22812785 3.3730006
-1.5206991 -0.23421009 3.3730009
-1.480322 -0.23384862 3.3730006
-1.5025197 -0.18217686 3.3730004
-1.4763973 -0.17106292 3.3730009
-1.4462851 -0.16811821 3.3730004
-1.4730945 -0.12716827 3.3730006
-1.4326042 -0.12461949 3.3730009
-0.9694621 -0.10251109 3.3730001
-1.5034961 -0.077127397 3.3730006
-1.4804509 -0.079488657 3.3730006
-1.4322267 -0.076033942 3.3730006
-1.3970798 -0.09665332 3.3730001
-0.98215389 -0.094700724 3.3730006
-1.4685448 -0.041980732 3.3730011
-1.4497998 -0.041004438 3.3730001
-1.4600387 -1.0696925 3.4315
-1.4462388 -1.0676732 3.4060001
-1.6070418 -1.0006673 3.4400001
-1.5663918 -1.0136545 3.4400003
-1.5365516 -1.0207207 3.4218669
-1.7209773 -0.96311575 3.4400005
-1.6676704 -0.9569236 3.4248884
-1.6257479 -0.96444136 3.4320014
-1.5828468 -0.9710955 3.4399998
-1.5293782 -0.9528743 3.4400001
-1.720371 -0.92562056 3.4112303
-1.6727884 -0.92989028 3.4190788
-1.6241988 -0.92324936 3.4300854
-1.5800437 -0.924842 3.4400015
-1.5317013 -0.93163288 3.4400005
-1.722769 -0.89243877 3.4060001
-1.6590296 -0.87311435 3.4191606
-1.6256905 -0.87469912 3.4271057
-1.5726626 -0.87542909 3.4329858
-1.5219128 -0.86788213 3.4375129
-1.4825164 -0.8696022 3.4391916
-1.656567 -0.82979 3.4159162
-1.6245843 -0.82207268 3.4259489
-1.5740117 -0.8281399 3.4315023
-1.5219225 -0.82306248 3.4315014
-1.4868851 -0.82780296 3.4400005
-1.7479081 -0.77783394 3.4060001
-1.6568751 -0.78420162 3.4145
-1.6236042 -0.77673584 3.412523
-1.577265 -0.7744512 3.4210393
-1.5251244 -0.77657092 3.4235883
-1.4839835 -0.77320844 3.4307282
-1.4158696 -0.75572789 3.4400001
-1.6637452 -0.71284109 3.4084284
-1.6202406 -0.72702664 3.4103737
-1.5763283 -0.7258417 3.4152305
-1.5296991 -0.72763348 3.4281597
-1.4812845 -0.72320616 3.4286683
-1.6673307 -0.67830521 3.4119995
-1.6224362 -0.67404628 3.412699
-1.5730211 -0.67295969 3.4300852
-1.5258365 -0.6768229 3.4317443
-1.4846728 -0.67895967 3.4319479
-1.4104929 -0.68762279 3.4400003
-1.3949602 -0.69598657 3.4400001
-1.6229918 -0.62417442 3.4168024
-1.5692219 -0.62661767 3.4221301
-1.5240042 -0.62419236 3.4388292
-1.48673 -0.62695199 3.440001
-1.6144418 -0.5752247 3.4143112
-1.5733862 -0.5720259 3.4081256
-1.5258418 -0.57452768 3.4230018
-1.4818741 -0.56932014 3.4354243
-1.4427533 -0.55858147 3.4400003
-1.6051896 -0.54219675 3.4196
-1.5654902 -0.53784019 3.4144993
-1.5194809 -0.52932233 3.417335
-1.4827385 -0.5283531 3.4376831
-1.430805 -0.53800392 3.4400003
-1.6102179 -0.46597734 3.4059994
-1.5765821 -0.46729192 3.4059992
-1.5216271 -0.47831732 3.4066944
-1.4784253 -0.47296637 3.4240515
-1.4373481 -0.46043491 3.4400001
-1.6020029 -0.43968818 3.4060001
-1.5730436 -0.42773473 3.4059989
-1.5160931 -0.42349198 3.4059994
-1.4770831 -0.42551512 3.4119749
-1.4325411 -0.42487717 3.4324462
-1.3914752 -0.41719365 3.4400001
-1.5574424 -0.38980427 3.4060001
-1.524318 -0.39256465 3.4059999
-1.4694117 -0.37826961 3.4118307
-1.4356921 -0.37747338 3.4351442
-1.388986 -0.37537473 3.4400001
-1.513605 -0.32763007 3.4059994
-1.4723719 -0.3263537 3.4176896
-1.4336277 -0.32552668 3.4369102
-1.5645405 -0.29279679 3.4060001
-1.5178114 -0.26933363 3.4059992
-1.4743993 -0.27669671 3.4135139
-1.4282802 -0.2726717 3.4356303
-1.3745484 -0.2707029 3.4400012
-1.3471671 -0.26584893 3.4400001
-1.5159745 -0.22430636 3.4059994
-1.4744748 -0.22440329 3.4141622
-1.4258279 -0.22275968 3.4341965
-1.3751373 -0.22543202 3.4375019
-1.3446069 -0.22957742 3.4399998
-1.5053896 -0.1833677 3.4060001
-1.4725876 -0.18094786 3.4060001
-1.4284862 -0.17329246 3.4306226
-1.3759075 -0.17074721 3.440001
-1.3441801 -0.15532747 3.4400001
-1.4769591 -0.12087764 3.4059989
-1.4193778 -0.12643407 3.4255016
-1.374317 -0.12952054 3.4350429
-1.3430989 -0.12606627 3.4256842
-1.4536325 -0.093162626 3.4060001
-1.4330941 -0.090697989 3.4059994
-1.0135266 -0.095128521 3.4230001
-1.2804083 -1.1576983 3.4750001
-1.4755371 -1.0832676 3.4750001
-1.7350386 -1.0078311 3.4750001
-1.6136301 -1.0136887 3.4749994
-1.5724729 -1.0108488 3.4749994
-1.5479563 -1.0229185 3.4750001
-1.765923 -0.97073412 3.4749994
-1.7399764 -0.97957665 3.4749999
-1.6505498 -0.99274385 3.4750001
-1.6177887 -0.98987007 3.4749992
-1.5746224 -0.97127098 3.4750001
-1.5277394 -0.96287107 3.4749992
-1.4864 -0.96739733 3.4749992
-1.5688272 -0.91730726 3.4749992
-1.5246785 -0.92143351 3.4750006
-1.4917217 -0.91593564 3.4749992
-1.5539912 -0.88290828 3.4750001
-1.5415442 -0.8792119 3.4749994
-1.4731231 -0.87526417 3.4749997
-1.5962355 -0.82376617 3.4750001
-1.5358863 -0.84790581 3.4750001
-1.4841254 -0.82376629 3.4749992
-1.4771827 -0.77960157 3.4749992
-1.4317838 -0.77020633 3.4749994
-1.4692144 -0.72145975 3.4749999
-1.4268026 -0.72219718 3.4750013
-1.3970833 -0.70608532 3.4750001
-1.520799 -0.65780592 3.4750001
-1.468379 -0.67570031 3.4750001
-1.4272583 -0.67658144 3.4750013
-1.3970833 -0.69401538 3.4750001
-1.5570086 -0.62260228 3.4750001
-1.5352157 -0.62595493 3.4750001
-1.4713755 -0.62336552 3.4750016
-1.432119 -0.63064879 3.474999
-1.4683703 -0.57784319 3.474999
-1.4359747 -0.56359416 3.4749994
-1.4713587 -0.52325827 3.4749994
-1.4307061 -0.53495222 3.4749992
-1.460881 -0.49055251 3.4749997
-1.4284647 -0.4680078 3.4749992
-1.4513975 -0.42546165 3.4750001
-1.4182054 -0.42459962 3.4749992
-1.3845826 -0.41576275 3.4749992
-1.4201256 -0.37471339 3.4750004
-1.3812417 -0.37039301 3.4749992
-1.4167452 -0.32773495 3.474999
-1.3773019 -0.32700315 3.4750013
-1.481572 -0.29269347 3.4750001
-1.4165806 -0.29362193 3.4749997
-1.3682208 -0.27852458 3.4749992
-1.342769 -0.25044906 3.4750001
-1.415188 -0.21423955 3.4750001
-1.3777716 -0.21665354 3.4750001
-1.3406137 -0.23320644 3.4749997
-1.4100152 -0.1763058 3.4750004
-1.3752798 -0.1790034 3.474999
-1.3367342 -0.15590203 3.4750001
-1.4031181 -0.14182055 3.4750001
-1.342769 -0.13276818 3.4750001
-1.0108485 -0.10561104 3.4750001
-1.2210649 -0.064372465 3.4749999
-1.1949136 -0.081471376 3.4750001
-1.0319707 -0.099576131 3.4750001
-1.2582802 -0.045261875 3.4750001
-1.301432 -1.1642787 3.5100002
-1.281113 -1.1693586 3.5100002
-1.4718482 -1.1055479 3.5408576
-1.5660355 -1.0573664 3.5460002
-1.5137668 -1.0715811 3.5445001
-1.4754931 -1.078114 3.5430827
-1.4379444 -1.0561349 3.5460002
-1.6690543 -1.0235306 3.5305717
-1.6336477 -1.0271255 3.5100002
-1.5606401 -1.0223114 3.5186903
-1.5277166 -1.0275654 3.5361297
-1.4736432 -1.0266395 3.5445807
-1.4256276 -1.0222644 3.5460017
-1.3930775 -1.010388 3.5460002
-1.7793349 -0.97714072 3.5100002
-1.5705138 -0.99359918 3.5100007
-1.5251707 -0.98411268 3.5124013
-1.472138 -0.97303689 3.5295551
-1.422936 -0.97270662 3.5454481
-1.3897984 -0.9850353 3.5460002
-1.511124 -0.94666225 3.5100002
-1.4742457 -0.92778301 3.5270004
-1.4224484 -0.92505437 3.5428977
-1.3917578 -0.91039026 3.5460002
-1.4707549 -0.87073404 3.5234997
-1.4246528 -0.87435478 3.5270119
-1.3897051 -0.86420363 3.5460002
-1.4726774 -0.82594621 3.536032
-1.4263978 -0.82943541 3.5459993
-1.3899752 -0.8227706 3.5460005
-1.4755963 -0.77346438 3.512635
-1.4222158 -0.77586186 3.5367277
-1.38947 -0.77439195 3.543231
-1.482779 -0.74519932 3.5100002
-1.4083432 -0.73003036 3.5285461
-1.3865685 -0.72630686 3.5407052
-1.506654 -0.67560685 3.5100002
-1.4893827 -0.67459095 3.5100002
-1.4129108 -0.67476082 3.5350435
-1.3902419 -0.67968684 3.5397928
-1.465508 -0.61668169 3.5100002
-1.4197128 -0.62168735 3.5256312
-1.3883569 -0.62388259 3.5332944
-1.4558563 -0.59229892 3.5100002
-1.4230926 -0.57751149 3.5225992
-1.384096 -0.56699085 3.5352001
-1.3414657 -0.55321348 3.5460002
-1.4665759 -0.51559091 3.5209577
-1.4240358 -0.52119243 3.529938
-1.3774099 -0.52595204 3.5234997
-1.3291491 -0.50951934 3.5460002
-1.4538245 -0.49070385 3.5100002
-1.4180263 -0.47783428 3.5298624
-1.374774 -0.47204363 3.5381739
-1.3224435 -0.47211298 3.5448744
-1.2928842 -0.46357712 3.546
-1.4037044 -0.44548106 3.5220003
-1.3820884 -0.43142664 3.531177
-1.3273702 -0.43119776 3.541034
-1.2963053 -0.44647098 3.5460002
-1.4073448 -0.37793341 3.5100002
-1.3755893 -0.37414518 3.5212939
-1.4242837 -0.32002428 3.5100005
-1.3644453 -0.32341221 3.5337596
-1.3322558 -0.32164222 3.5459991
-1.3589731 -0.27668014 3.5244007
-1.3251878 -0.27715382 3.5433657
-1.2875079 -0.28459772 3.5460005
-1.3595399 -0.2120707 3.5263646
-1.3315325 -0.22040628 3.5291994
-1.2783439 -0.21836022 3.546
-1.3629255 -0.17885096 3.5304003
-1.3168364 -0.173072 3.5187092
-1.2763494 -0.17137165 3.5444686
-1.2443025 -0.17687777 3.546
-1.1746805 -0.15241595 3.5460002
-1.354872 -0.13448365 3.5148008
-1.3233542 -0.13816574 3.5249271
-1.2847587 -0.1270133 3.546
-1.2419078 -0.10571611 3.5460002
-1.1669828 -0.10468975 3.5460002
-1.0602403 -0.10571611 3.5460002
-1.0392804 -0.11048327 3.5340002
-1.2669915 -0.071550243 3.526201
-1.2300456 -0.079620264 3.5256009
-1.18751 -0.093399674 3.5460002
-1.2673483 -0.046030354 3.5340004
-1.2435229 -0.04571775 3.5100002
-0.37231153 -1.4633192 3.5830002
-1.3658336 -1.1729369 3.5830002
-1.4573932 -1.1116011 3.5830004
-1.4197619 -1.120219 3.5830002
-1.3969462 -1.1241941 3.5830002
-1.5657308 -1.0694882 3.5830002
-1.5431743 -1.0795997 3.5830002
-1.4576151 -1.0863409 3.5830002
-1.4225975 -1.0757898 3.5830021
-1.3882345 -1.0752441 3.5830002
-1.3471663 -1.0795997 3.5830002
-1.6894025 -1.0484873 3.5830002
-1.4127418 -1.0417862 3.5830004
-1.3969462 -1.02982 3.5830004
-1.4066256 -0.96621239 3.5830002
-1.3961682 -0.97692895 3.5830002
-1.3471662 -0.95515019 3.5830002
-1.4085615 -0.92694175 3.5830004
-1.3858345 -0.92492676 3.5830004
-1.3471662 -0.9489277 3.5830002
-1.4093912 -0.88670295 3.5830002
-1.3791937 -0.8700487 3.5830002
-1.3388696 -0.86699855 3.5830002
-1.4636155 -0.83603418 3.5830004
-1.4289169 -0.82962787 3.5830002
-1.3758341 -0.83692324 3.5830004
-1.3347213 -0.82188559 3.5830002
-1.2973864 -0.80581075 3.5830002
-1.3733007 -0.76660913 3.5830004
-1.335966 -0.76847595 3.5830002
-1.2973864 -0.79958826 3.5830002
-1.3715197 -0.72384566 3.583003
-1.3369076 -0.72172326 3.5830004
-1.3725171 -0.67248863 3.5830028
-1.3333071 -0.67089611 3.5830002
-1.3740878 -0.6232003 3.5830021
-1.3325133 -0.62576038 3.5830002
-1.2973864 -0.63780385 3.5830002
-1.3698337 -0.57720888 3.5830014
-1.3387036 -0.57035214 3.5830002
-1.370056 -0.51757687 3.5830004
-1.3239357 -0.5259378 3.5830019
-1.2927196 -0.50246501 3.5830002
-1.3735495 -0.47577059 3.5830002
-1.3245165 -0.47900617 3.5830002
-1.2923306 -0.47679728 3.5830002
-1.373674 -0.42200837 3.5830023
-1.3242837 -0.42182374 3.5830002
-1.2824525 -0.41255021 3.5830002
-1.3656265 -0.38060817 3.5830004
-1.327298 -0.37493166 3.583003
-1.2776082 -0.3629038 3.5830004
-1.2289393 -0.37023735 3.5830002
-1.1636032 -0.35156995 3.5830002
-1.3564999 -0.30179012 3.5830002
-1.3210797 -0.32572269 3.5830004
-1.2723831 -0.322494 3.5830028
-1.2293946 -0.31727037 3.5830009
-1.1787151 -0.31912419 3.5830004
-1.3621001 -0.28602657 3.5830004
-1.3218155 -0.26376387 3.5830002
-1.2759041 -0.27645585 3.5830014
-1.2367172 -0.28273383 3.5830002
-1.1827152 -0.27956703 3.5830002
-1.148047 -0.27378899 3.5830002
-1.0920447 -0.25201032 3.5830002
-1.3242493 -0.22894163 3.5830009
-1.2729208 -0.2240092 3.5830016
-1.2316446 -0.21575767 3.5830002
-1.1853819 -0.23277721 3.5830002
-1.1044897 -0.23645413 3.5830002
-1.0884891 -0.22667594 3.5830004
-1.3056831 -0.19393387 3.5830002
-1.2743903 -0.17220025 3.5830002
-1.230082 -0.17187999 3.5830021
-1.1757816 -0.16596231 3.5830002
-1.148047 -0.16489562 3.5830002
-1.0858222 -0.19600803 3.5830002
-1.3616853 -0.12341246 3.5830002
-1.3137913 -0.11822707 3.5830002
-1.2762746 -0.12711632 3.583003
-1.2251253 -0.12505168 3.5830033
-1.176152 -0.12579778 3.5830035
-1.1173005 -0.11401775 3.5830002
-1.0795999 -0.12116548 3.5830002
-1.0412278 -0.12030122 3.5830002
-1.3067201 -0.084003434 3.5830002
-1.292201 -0.089188837 3.5830002
-1.2164942 -0.096448392 3.5830002
-0.54080844 -1.4777905 3.6210003
-0.40560633 -1.4809347 3.6210003
-0.38743964 -1.4739476 3.6210005
-1.311146 -1.204242 3.6210003
-1.2985691 -1.204242 3.6210003
-1.4117615 -1.1602228 3.6210003
-1.3696774 -1.1771535 3.6210012
-1.3268673 -1.1948094 3.6210003
-1.2954249 -1.1665112 3.6210003
-1.4589251 -1.124064 3.6210003
-1.4270726 -1.1216716 3.6210017
-1.3748335 -1.1210202 3.6210017
-1.3411909 -1.115854 3.6210015
-1.5721176 -1.0847611 3.6210003
-1.405473 -1.0753284 3.6210003
-1.3782941 -1.0743159 3.621002
-1.3392478 -1.0747386 3.6210017
-1.4054731 -1.0272665 3.6210005
-1.3771746 -1.0250206 3.621002
-1.3289275 -1.0243698 3.621002
-1.296473 -1.0229244 3.6210003
-1.405473 -0.97471285 3.6210003
-1.3776819 -0.97511834 3.621002
-1.3337028 -0.97580653 3.621002
-1.4054731 -0.92880708 3.6210003
-1.376695 -0.92371225 3.621002
-1.3292111 -0.92274749 3.6210017
-1.2945673 -0.92240423 3.621001
-1.376508 -0.87819421 3.621002
-1.3269191 -0.87414896 3.6210017
-1.2954249 -0.88431621 3.6210003
-1.4054731 -0.81750119 3.6210003
-1.3761268 -0.81785053 3.621002
-1.3260815 -0.82412618 3.6210022
-1.2805312 -0.8209762 3.6210017
-1.232826 -0.80921173 3.621001
-1.3715702 -0.78701568 3.6210017
-1.3254385 -0.77411079 3.6210017
-1.2739867 -0.7634775 3.6210017
-1.2409248 -0.7876308 3.621001
-1.3196708 -0.72422224 3.621002
-1.2791569 -0.7294625 3.621002
-1.2482613 -0.74518371 3.6210003
-1.3608251 -0.67663938 3.6210008
-1.3229687 -0.67362076 3.6210017
-1.285611 -0.66991258 3.621002
-1.2482613 -0.65085667 3.6210003
-1.3722341 -0.62210941 3.6210005
-1.3257356 -0.61916268 3.6210017
-1.2925799 -0.62630171 3.6210015
-1.3221834 -0.57462513 3.6210017
-1.2844626 -0.56672722 3.621002
-1.2168189 -0.55338538 3.6210003
-1.1885209 -0.55024111 3.6210003
-1.3097985 -0.53002822 3.6210012
-1.2769748 -0.52485001 3.621002
-1.2231075 -0.52948922 3.6210008
-1.190093 -0.54238057 3.6210003
-1.3064297 -0.46849102 3.6210003
-1.2750924 -0.47750431 3.6210022
-1.2416868 -0.47363615 3.6210017
-1.1665113 -0.47635162 3.6210003
-1.3157578 -0.42468143 3.621002
-1.2754067 -0.4282448 3.6210022
-1.2295194 -0.42471838 3.621002
-1.1948093 -0.40560633 3.6210003
-1.316467 -0.37368023 3.6210012
-1.2754626 -0.38425472 3.6210017
-1.2264063 -0.37684435 3.6210017
-1.1769918 -0.37813571 3.621002
-1.1434536 -0.37835631 3.6210003
-1.074542 -0.36525536 3.6210017
-1.3167725 -0.33775702 3.6210015
-1.2231076 -0.33555987 3.6210017
-1.1738675 -0.32729718 3.621002
-1.130667 -0.31851107 3.6210015
-1.0757054 -0.33517545 3.6210015
-1.0470303 -0.3301447 3.6210003
-1.3080018 -0.26411575 3.6210003
-1.2765592 -0.26946098 3.6210015
-1.227023 -0.27414173 3.621002
-1.1717993 -0.27483463 3.621002
-1.1295351 -0.27367419 3.6210017
-1.0830261 -0.27094638 3.6210017
-1.2614673 -0.23707533 3.6210008
-1.2241777 -0.22872645 3.6210017
-1.1738057 -0.22600769 3.6210017
-1.1284107 -0.22558355 3.621002
-1.0774245 -0.22249211 3.621002
-1.0470303 -0.20751952 3.6210003
-1.2188199 -0.18693909 3.6210017
-1.1692364 -0.18362334 3.621002
-1.1256361 -0.17607711 3.621002
-1.0749793 -0.17572774 3.6210022
-1.0301301 -0.17804232 3.6210012
-1.311146 -0.10690399 3.6210003
-1.1602229 -0.12447472 3.6210012
-1.1304801 -0.13231279 3.621002
-1.0728129 -0.14023289 3.6210015
-1.03634 -0.12388287 3.6210008
-0.98414564 -0.11319246 3.6210003
-1.3174345 -0.097471289 3.6210003
-1.0847611 -0.097471289 3.6210003
-0.60047507 -1.5060043 3.6980002
-0.57960296 -1.5108211 3.6980002
-0.65185267 -1.4738934 3.6980002
-0.61770451 -1.4715605 3.6914992
-0.57609004 -1.4842613 3.6896422
-0.52598852 -1.4750115 3.6766281
-0.47606584 -1.4777417 3.6815522
-0.42515537 -1.4777173 3.6865585
-0.39236474 -1.4685673 3.6687503
-0.52061647 -1.440107 3.6980004
-0.49496764 -1.4353603 3.6980004
-0.4110204 -1.4296515 3.6980011
-0.3949649 -1.4353602 3.6980002
-0.40780929 -1.393616 3.6980002
-1.2129189 -1.2654639 3.6980007
-1.3593348 -1.2063084 3.6720004
-1.3173521 -1.2124513 3.6704712
-1.2880915 -1.2159894 3.6859999
-1.2137946 -1.2491167 3.6980002
-1.4082198 -1.1713396 3.6589999
-1.367907 -1.1749294 3.6607313
-1.3226689 -1.1737527 3.6665461
-1.2807658 -1.1741711 3.6768458
-1.6055484 -1.1174617 3.6980002
-1.5854386 -1.1024994 3.6590002
-1.4075136 -1.1438035 3.6590002
-1.3693869 -1.1442573 3.6590004
-1.3192818 -1.1268753 3.6683111
-1.2882326 -1.1177844 3.6901999
-1.317107 -1.076997 3.6757126
-1.2744668 -1.0785847 3.691117
-1.2426944 -1.0564508 3.6980002
-1.3116318 -1.024071 3.671535
-1.275097 -1.0194367 3.6832817
-1.2439791 -1.0273368 3.6980011
-1.3147303 -0.97700524 3.6676652
-1.2785982 -0.97695601 3.6766589
-1.2344375 -0.97020996 3.6980004
-1.3174862 -0.93540561 3.6668007
-1.2833729 -0.92392921 3.6834462
-1.2417773 -0.92464292 3.6980007
-1.3098861 -0.86911732 3.6590002
-1.2784064 -0.87478292 3.6647758
-1.2414083 -0.87236071 3.6873629
-1.3090196 -0.81495994 3.6590002
-1.2729484 -0.82682788 3.6589985
-1.2310886 -0.8265776 3.6754653
-1.1881058 -0.81026673 3.6980004
-1.3121967 -0.77988809 3.6590002
-1.2748142 -0.77792478 3.6632147
-1.2288259 -0.77793878 3.6877353
-1.1862179 -0.77675611 3.6959996
-1.3058423 -0.70852268 3.6590002
-1.2683692 -0.71871459 3.6697042
-1.229708 -0.72772843 3.6941626
-1.1885463 -0.72728044 3.6940999
-1.3058423 -0.67992759 3.6590002
-1.2676976 -0.67365438 3.6719983
-1.2274601 -0.66678822 3.6979995
-1.1890501 -0.66960818 3.6980009
-1.3037052 -0.62616384 3.6980002
-1.2801521 -0.62450534 3.6796801
-1.2239133 -0.62120599 3.6740949
-1.1792327 -0.61847168 3.6957052
-1.1316823 -0.6032275 3.6980004
-1.2719586 -0.57824361 3.6626549
-1.2267113 -0.57603824 3.6589978
-1.1750368 -0.5745613 3.6787891
-1.1292357 -0.58201122 3.6980004
-1.2595626 -0.53198677 3.6635885
-1.226424 -0.52562439 3.6695743
-1.1759151 -0.52683508 3.6857107
-1.1339039 -0.52214628 3.6968856
-1.0949841 -0.50414217 3.6980002
-1.25875 -0.49772 3.6980002
-1.2220585 -0.47543013 3.671314
-1.1756005 -0.47777548 3.6743422
-1.124621 -0.471026 3.6900544
-1.0885619 -0.46790272 3.6980009
-1.2177167 -0.43651307 3.6623907
-1.174425 -0.42490771 3.6604695
-1.1292455 -0.42627704 3.6790717
-1.0779653 -0.42065373 3.6980007
-1.1572425 -0.37129694 3.672929
-1.1292441 -0.37513015 3.6722305
-1.0734066 -0.3729533 3.6833758
-1.0369766 -0.36088413 3.6785002
-0.92158478 -0.35964286 3.6980002
-1.1552695 -0.34007871 3.6720004
-1.1237313 -0.32472685 3.6615415
-1.0702456 -0.31901035 3.6714451
-1.0293117 -0.32804242 3.6929133
-0.92183042 -0.32850382 3.6950006
-1.2550066 -0.27006471 3.6590002
-1.118174 -0.28955176 3.6590004
-1.0674424 -0.2718671 3.6753242
-1.0270922 -0.27141413 3.6980007
-0.99865109 -0.25367665 3.6980002
-1.1793884 -0.21414542 3.6590002
-1.0625427 -0.23145561 3.6740959
-1.0236726 -0.22189283 3.6831076
-0.97559404 -0.22013457 3.6812844
-0.93000001 -0.22104903 3.6890852
-0.89453518 -0.22904952 3.6590002
-1.0516639 -0.17474777 3.6590004
-1.0229363 -0.17355631 3.658998
-0.97507262 -0.17524293 3.664248
-0.94275308 -0.17622267 3.6748884
-1.0516638 -0.13662097 3.6590002
-1.0236365 -0.13354081 3.6598275
-0.97347981 -0.13535437 3.6667984
-0.9424631 -0.1463422 3.6757147
-1.1179913 -0.099019088 3.6785002
-0.76980275 -1.4546727 3.7379999
-0.66251004 -1.4768525 3.7380002
-0.62067479 -1.4606237 3.7379999
-0.57138616 -1.472525 3.7379994
-0.52907032 -1.45305 3.7380004
-0.47637334 -1.4600506 3.7379997
-0.4284496 -1.4573777 3.7379999
-0.3992371 -1.4606235 3.7380002
-0.77516335 -1.4408534 3.7380002
-0.74978673 -1.4411485 3.7380002
-0.55503696 -1.4443944 3.7380002
-0.52675194 -1.4365116 3.7379999
-0.49156296 -1.4371812 3.7380002
-0.42659485 -1.4304837 3.7379999
-1.204203 -1.3015779 3.7380002
-1.1782365 -1.3113155 3.7380004
-1.1176475 -1.3340362 3.7380004
-1.2663374 -1.2630916 3.7379999
-1.2234751 -1.2699312 3.7379994
-1.1944654 -1.278857 3.7379999
-1.3015779 -1.2496446 3.7380002
-1.2712333 -1.2292641 3.7380009
-1.2344975 -1.2382843 3.7379997
-1.3015779 -1.1522697 3.7380002
-1.2700212 -1.1708432 3.7379999
-1.2291958 -1.1696352 3.7380006
-1.1977113 -1.1879739 3.7380002
-1.3015779 -1.1425322 3.7380002
-1.2726902 -1.1264652 3.7380006
-1.2261668 -1.1233817 3.7380028
-1.1844035 -1.1224083 3.7380006
-1.3069875 -1.0743697 3.7379999
-1.2726361 -1.0770745 3.7379997
-1.2316679 -1.0760343 3.7380004
-1.1771545 -1.0765338 3.7380004
-1.1392864 -1.0548948 3.7380002
-1.3015779 -1.0484031 3.7380002
-1.2697687 -1.020489 3.7380002
-1.2317927 -1.0218463 3.7380011
-1.1659744 -1.0246005 3.7379999
-1.1421715 -1.0282068 3.7380002
-1.2699851 -0.97309989 3.7379997
-1.2256142 -0.97437549 3.7380023
-1.1751026 -0.97195822 3.7380023
-1.1384749 -0.95833141 3.7380004
-1.3015779 -0.94453657 3.7380002
-1.2720047 -0.93660241 3.7380002
-1.223678 -0.92506158 3.7380016
-1.1754715 -0.92578286 3.7380021
-1.1401519 -0.92809099 3.7379999
-1.2238487 -0.88166988 3.7380002
-1.1772375 -0.87113082 3.7379999
-1.1263031 -0.88394773 3.7380004
-1.2168913 -0.83417827 3.7379997
-1.1756963 -0.82712215 3.7380013
-1.1193786 -0.81556886 3.7379999
-1.1713514 -0.77437627 3.7379994
-1.1163746 -0.77365321 3.7379994
-1.0925465 -0.76536673 3.7380002
-1.2561363 -0.70434511 3.7380002
-1.223678 -0.70867288 3.7379999
-1.1687694 -0.72747159 3.7380016
-1.1277313 -0.72810459 3.7380016
-1.2613297 -0.69525683 3.7380002
-1.2259964 -0.69460762 3.7379999
-1.1740861 -0.67582428 3.7380023
-1.127861 -0.67461342 3.7380016
-1.0878167 -0.66724998 3.7379999
-1.1636301 -0.6348843 3.7379997
-1.1232409 -0.62424058 3.7380021
-1.0873532 -0.62319922 3.7379997
-1.1522697 -0.57613486 3.7380002
-1.1201067 -0.57111847 3.7380011
-1.0877587 -0.57167178 3.7379997
-1.1587614 -0.50310367 3.7380002
-1.117753 -0.53081179 3.7380004
-1.0848564 -0.52582437 3.7379997
-1.0451573 -0.52582449 3.7380002
-1.1565975 -0.49444813 3.7380004
-1.1183132 -0.48812297 3.7379999
-1.0873531 -0.47620961 3.7379997
-1.1133198 -0.424954 3.7379997
-1.0713737 -0.42520368 3.7379997
-1.042317 -0.4199293 3.7379997
-0.95751989 -0.41546625 3.7380002
-1.1198114 -0.3992371 3.7380002
-1.0717729 -0.37612674 3.7379994
-1.0270349 -0.37475801 3.7380016
-0.98539579 -0.36868814 3.7379997
-0.93268216 -0.37157696 3.7379997
-1.0613863 -0.30953419 3.7380002
-1.0227125 -0.32368502 3.7380013
-0.97361922 -0.32951647 3.7380016
-0.93717927 -0.32350108 3.7379999
-1.0648485 -0.28368556 3.7379999
-1.0252495 -0.2771939 3.7379997
-0.98105216 -0.26913345 3.7379997
-0.9350487 -0.27289945 3.7379999
-1.0624685 -0.24127339 3.7380004
-1.0246004 -0.24776503 3.7380004
-0.9670077 -0.24243857 3.7379999
-0.93804491 -0.24830601 3.7380002
-1.1555156 -0.10062073 3.7380002
-0.95751989 -0.13307904 3.7380002
-1.1522697 -0.094129071 3.7380002
-1.1392864 -0.094129071 3.7380004
-0.6923821 -1.5061772 3.7790003
-0.60050201 -1.5455544 3.7790003
-0.81270134 -1.4558619 3.7790003
-0.7629329 -1.467894 3.7789998
-0.72642702 -1.4719268 3.7789996
-0.67860013 -1.4803631 3.7789998
-0.62314397 -1.4631904 3.7789998
-0.58111173 -1.4644136 3.7789998
-0.54143625 -1.4536743 3.7790003
-0.47006512 -1.4614677 3.7789996
-0.44955617 -1.4602373 3.7790003
-0.9220823 -1.4208599 3.7790003
-0.80657595 -1.4418612 3.779
-0.77372181 -1.4367703 3.7789996
-0.73368961 -1.4386183 3.7789998
-0.52225244 -1.4370147 3.7789998
-0.48565191 -1.442736 3.779
-0.43725079 -1.4348061 3.7789998
-1.121156 -1.3552313 3.7790003
-1.1744865 -1.3179828 3.7790005
-1.1311562 -1.3292141 3.7789998
-1.3049161 -1.2764771 3.7790003
-1.2869776 -1.2738518 3.779
-1.2143487 -1.258101 3.7789998
-1.1848313 -1.2802273 3.7789998
-1.1259171 -1.2641232 3.7789998
-1.0959983 -1.2830398 3.7790003
-1.2559134 -1.2222239 3.7789998
-1.222753 -1.2230583 3.7790012
-1.1745003 -1.2224598 3.7790024
-1.1282781 -1.2235156 3.7790012
-1.2567885 -1.1911597 3.7790003
-1.2146478 -1.1807973 3.7789998
-1.1784716 -1.1781799 3.7790017
-1.1255311 -1.1699401 3.7789998
-1.0992796 -1.1649083 3.779
-1.258976 -1.1291772 3.7789998
-1.2108483 -1.1058425 3.7790003
-1.1655236 -1.122865 3.7789996
-1.1258434 -1.1266251 3.7790012
-1.0962508 -1.1270456 3.7789998
-1.2164996 -1.0739397 3.7790003
-1.1743023 -1.080106 3.7790022
-1.1261872 -1.0743411 3.779002
-1.0974047 -1.0664654 3.779
-1.2156212 -1.0345461 3.7789998
-1.1802218 -1.0189627 3.7789998
-1.1270455 -1.0235542 3.7790024
-1.0940293 -1.0179001 3.779
-1.2174112 -0.96802235 3.7790003
-1.1561579 -0.98406494 3.7789998
-1.123592 -0.97622579 3.7790015
-1.0959983 -0.97458535 3.7789998
-1.207567 -0.90239376 3.7790003
-1.170313 -0.90857047 3.7789998
-1.1252922 -0.92542362 3.7790024
-1.0959982 -0.92536378 3.7789996
-1.2194085 -0.87728369 3.7789998
-1.1734554 -0.88026321 3.7790012
-1.1251029 -0.87585682 3.7790017
-1.0959983 -0.87614232 3.7789998
-1.1593552 -0.82843536 3.7789998
-1.1228385 -0.8303706 3.7790008
-1.0959983 -0.82692081 3.7789996
-1.1583455 -0.78098083 3.7789998
-1.1202809 -0.77769929 3.7789998
-1.0957797 -0.77507418 3.7789998
-1.0434953 -0.75801075 3.7790003
-1.1517825 -0.74488503 3.7790003
-1.1127337 -0.72618097 3.7789998
-1.0918964 -0.72683722 3.7789996
-1.1167808 -0.67743337 3.7789998
-1.0902556 -0.68089712 3.7789998
-1.1320939 -0.64644206 3.7790003
-1.079591 -0.63331634 3.7789998
-1.0336511 -0.60268962 3.779
-1.1058425 -0.5873763 3.7790003
-1.0720631 -0.57058299 3.7789998
-1.0369326 -0.57425052 3.7789998
-0.95489663 -0.58409488 3.7790003
-0.92395759 -0.56862533 3.779
-1.0711532 -0.52409154 3.7790012
-1.031026 -0.5239352 3.7790017
-0.99099243 -0.50205904 3.7790003
-1.0695066 -0.47596768 3.7790008
-1.0238067 -0.47580761 3.7790027
-0.98176324 -0.47396174 3.7789996
-0.92864525 -0.4648695 3.7790003
-1.0706844 -0.42611733 3.7789998
-1.0248053 -0.42573008 3.7790017
-0.97162145 -0.42266953 3.7789996
-0.9399479 -0.42658612 3.7789998
-1.0671945 -0.39121962 3.7789998
-1.0145591 -0.3773647 3.7789998
-0.97608525 -0.37961474 3.779
-0.94505239 -0.3883028 3.779
-1.0008367 -0.31392366 3.7790003
-0.97841358 -0.30900151 3.7789998
-0.9483338 -0.30517316 3.7790003
-1.0139625 -0.28384385 3.7789998
-0.97458524 -0.28367412 3.7789996
-0.94067711 -0.27600488 3.7789998
-0.97458524 -0.24610738 3.7790003
-0.75979948 -1.5030096 3.8210001
-0.7273578 -1.5125947 3.8209996
-0.83611125 -1.4618676 3.8209996
-0.7531637 -1.4963737 3.8210001
-0.71020567 -1.4750694 3.8209996
-0.67650878 -1.4679997 3.8209994
-0.62277019 -1.4625309 3.8209996
-0.57178509 -1.4609829 3.8209996
-0.54745382 -1.4565588 3.8210001
-0.4704785 -1.4612039 3.8209996
-0.9190588 -1.4366516 3.8210001
-0.87260818 -1.4432873 3.8210001
-0.82516223 -1.4406327 3.8209996
-0.776389 -1.4291862 3.8209996
-0.7347877 -1.4346097 3.8209996
-0.66689831 -1.4470792 3.8209999
-0.62477535 -1.4421331 3.8209996
-0.52621925 -1.4410752 3.8209996
-0.47047853 -1.4450566 3.8209996
-0.43585163 -1.4312222 3.8209996
-1.1140493 -1.3585532 3.8209996
-1.1625097 -1.3130597 3.8209994
-1.1205778 -1.3222711 3.8209996
-1.2043984 -1.2641206 3.8210001
-1.1745371 -1.2781825 3.8209996
-1.1228335 -1.2823689 3.8209996
-1.1146572 -1.2192501 3.8209996
-1.0783181 -1.2077162 3.8210001
-1.1643465 -1.1792768 3.8209996
-1.121451 -1.1889148 3.8209996
-1.08053 -1.1933388 3.8210001
-1.1513119 -1.1081791 3.8210001
-1.1199428 -1.1157199 3.8209996
-1.0982255 -1.1413581 3.8210001
-1.1104761 -1.0783182 3.8209996
-1.0877978 -1.0697863 3.8209999
-1.1121606 -1.0292132 3.8209996
-1.081636 -1.0053244 3.8209999
-1.0781798 -0.97974867 3.8209996
-1.0849539 -0.92007971 3.8209996
-1.04219 -0.9256947 3.8209996
-1.0768046 -0.87353969 3.8209994
-1.0320965 -0.87306583 3.8209994
-0.99205261 -0.86597234 3.8210001
-0.83942914 -0.8925156 3.8210001
-1.0750003 -0.82615739 3.8209996
-1.0343561 -0.82007492 3.8209996
-1.0756425 -0.77670991 3.8209994
-1.0280554 -0.77815372 3.8209994
-0.95223778 -0.75648159 3.8210001
-0.94465411 -0.76833129 3.8209999
-1.0750002 -0.72255331 3.8209994
-1.0281808 -0.71968961 3.8209996
-0.97581232 -0.72347695 3.8209996
-0.93951917 -0.72385561 3.8209996
-1.0734075 -0.67486137 3.8209994
-1.0252316 -0.67353421 3.8209994
-0.97739851 -0.67436355 3.8209996
-0.9225719 -0.67158246 3.8209996
-0.89915138 -0.66689825 3.8210001
-1.0747545 -0.62388837 3.8209994
-1.0233736 -0.62575603 3.8209994
-0.97878122 -0.62376559 3.8209996
-0.92735356 -0.60551709 3.8210001
-1.0860599 -0.59279847 3.8209999
-1.0182058 -0.57458264 3.8209996
-0.97586113 -0.57333374 3.8209994
-0.93657744 -0.57426244 3.8209994
-1.0143729 -0.52995932 3.8209996
-0.97508234 -0.52493542 3.8209991
-0.93454254 -0.5255354 3.8209994
-1.0169369 -0.45455253 3.8210001
-0.96528065 -0.47377348 3.8209994
-0.94062513 -0.48109579 3.8209996
-1.0141721 -0.44128093 3.8209996
-0.98025566 -0.43022123 3.8209996
-0.945602 -0.42635036 3.8210001
-0.7347976 -1.5534762 3.8640001
-0.76387632 -1.5266342 3.8640001
-0.72976476 -1.5434104 3.8640001
-0.90927005 -1.4528191 3.8640001
-0.87258625 -1.4617665 3.8639996
-0.71643203 -1.4634148 3.8639991
-0.67775857 -1.4567336 3.8639998
-0.60442251 -1.4604882 3.8640003
-0.57740635 -1.4610548 3.8639991
-0.48986506 -1.455056 3.8640001
-0.92716473 -1.44499 3.8640001
-0.87859368 -1.4432328 3.8640003
-0.82495153 -1.4335628 3.8639991
-0.77506042 -1.4283738 3.8639996
-0.73043579 -1.4347008 3.8639991
-0.66666043 -1.4404305 3.8639998
-0.63166809 -1.4369256 3.8639991
-0.57008582 -1.4436684 3.8639998
-0.5237903 -1.4356697 3.8639989
-0.47560525 -1.4391184 3.8639991
-0.43114841 -1.4272354 3.8639994
-1.1086671 -1.3627068 3.8640003
-1.0897074 -1.3655828 3.8640001
-1.1072292 -1.3253199 3.8639996
-1.0942878 -1.3310717 3.8640003
-0.3523002 -1.3387408 3.8640001
-1.1157161 -1.275978 3.8639994
-1.0887755 -1.2766688 3.8640001
-1.1083477 -1.2260047 3.8639996
-1.0774047 -1.2254083 3.8639989
-1.10675 -1.1772099 3.8639996
-1.0898695 -1.1759388 3.8639991
-1.1072292 -1.1240056 3.8639996
-1.0747445 -1.1218704 3.8639989
-1.0434797 -1.1128213 3.8640001
-1.1075343 -1.0733719 3.8639998
-1.0773853 -1.0810938 3.8639989
-1.041802 -1.090453 3.8640001
-0.98308533 -1.0501902 3.8640001
-1.1072292 -1.033414 3.8640001
-1.0738741 -1.0194008 3.8639994
-1.1072292 -0.95959872 3.8640001
-1.0673134 -0.97151548 3.8639989
-1.0195736 -0.97008377 3.8639989
-0.99426949 -0.9730196 3.8640001
-1.1049924 -0.93834877 3.8640001
-1.0739111 -0.92877704 3.8639987
-1.0254899 -0.92526102 3.8639987
-0.99650633 -0.90591478 3.8640001
-0.85558623 -0.90255958 3.8640001
-0.84887576 -0.90927005 3.8640001
-1.0602559 -0.89584911 3.8640001
-1.0201173 -0.87596613 3.8639989
-0.98699987 -0.88075054 3.8639998
-0.85558623 -0.89584911 3.8640001
-1.0501902 -0.84887576 3.8640001
-1.0250258 -0.83075744 3.8639991
-0.97078288 -0.80861294 3.8640001
-0.92224365 -0.82740229 3.8639996
-0.88913864 -0.82874429 3.8640001
-1.0132825 -0.77002752 3.8639991
-0.98127162 -0.77614856 3.8639989
-0.94203299 -0.77545524 3.8639994
-1.0194339 -0.7431857 3.8639998
-0.97672802 -0.71678531 3.8639991
-0.93654495 -0.72375786 3.8639989
-1.0703216 -0.66769278 3.8640001
-1.0043352 -0.67440319 3.8640001
-0.97615123 -0.67887694 3.8639991
-0.93869293 -0.66717666 3.8639998
-0.95959866 -0.6274299 3.8639996
-0.93879622 -0.631993 3.8639989
-1.0032167 -0.57039082 3.8640001
-0.96295393 -0.52677268 3.8640001
-0.9338752 -0.52677274 3.8640001
-0.94282246 -0.47756252 3.8640001
-0.75654501 -1.5662403 3.9070003
-0.7429747 -1.5571935 3.9070003
-0.77690047 -1.5436232 3.9070003
-0.9600997 -1.4588087 3.9070003
-0.92362952 -1.4571123 3.9070001
-0.88037407 -1.4622014 3.9070001
-0.7107451 -1.4571124 3.9070003
-0.69095516 -1.4576778 3.9070003
-0.60727155 -1.4554162 3.9070003
-0.59030867 -1.4554162 3.9070003
-1.1148013 -1.4038489 3.9070003
-1.0958028 -1.4147052 3.9070003
-1.0354151 -1.4126697 3.9070003
-0.95331454 -1.4452385 3.9070003
-0.92304224 -1.4384533 3.9069998
-0.87613332 -1.4390187 3.9070001
-0.82587159 -1.4279807 3.9070001
-0.7793678 -1.4319763 3.9070005
-0.72205377 -1.4407148 3.9070005
-0.67564505 -1.4397582 3.9070008
-0.62505335 -1.4352947 3.9069996
-0.57334572 -1.4408766 3.9070003
-0.525365 -1.4336066 3.9070008
-0.47790125 -1.4373226 3.907001
-0.43085748 -1.4248831 3.9070003
-1.1102214 -1.3892609 3.9070001
-1.0904716 -1.3749635 3.9070008
-0.34943557 -1.3536388 3.9070003
-1.1056036 -1.3280059 3.9070003
-1.0926712 -1.3280642 3.9070008
-1.1122812 -1.2848178 3.9070003
-1.0777795 -1.2734892 3.9069993
-1.0333794 -1.2663366 3.907001
-1.0632342 -1.2230246 3.9070003
-1.0354904 -1.2269826 3.9069996
-1.0729474 -1.1732967 3.9069993
-1.039583 -1.1707625 3.9070003
-1.0773859 -1.1316674 3.9070003
-1.031858 -1.1186258 3.9069996
-0.98554403 -1.1144619 3.9070003
-1.108016 -1.059163 3.9070003
-1.0745993 -1.0729029 3.9070001
-1.0193892 -1.0788397 3.9069991
-0.98481709 -1.0667236 3.9070008
-1.1059805 -1.0483067 3.9070003
-1.0669659 -1.0327009 3.9070003
-1.0227441 -1.0192726 3.9069991
-0.98619658 -1.0242977 3.9069998
-1.0550919 -0.98724031 3.9070003
-1.0143809 -0.97140825 3.9070005
-0.9750579 -0.9741323 3.9069991
-0.94087505 -0.96971202 3.9070005
-1.0103898 -0.9361521 3.9070008
-0.98045522 -0.92798328 3.9069996
-0.94200599 -0.94087517 3.9070003
-0.86869961 -0.9209854 3.9070008
-0.84475201 -0.93974423 3.9070003
-1.0134556 -0.86387378 3.9070003
-0.97242367 -0.87521595 3.9069989
-0.9297021 -0.86646444 3.9069998
-0.88885558 -0.87019628 3.9070005
-1.0114729 -0.83021235 3.9070003
-0.97510922 -0.82871425 3.9069996
-0.92730469 -0.82496202 3.9069993
-0.89564073 -0.84135944 3.9070003
-0.93397683 -0.78131074 3.9070003
-0.93295914 -0.73909748 3.9070003
-0.80193883 -1.6004062 3.9980001
-0.78159922 -1.6089556 3.9934006
-0.77437413 -1.5875428 3.9684289
-1.1091752 -1.4598064 3.9980001
-1.0588371 -1.454599 3.9980001
-1.0111589 -1.4721438 3.9782858
-0.98163354 -1.4595364 3.9520004
-0.88422269 -1.4515893 3.9520004
-0.76027966 -1.454599 3.9980001
-0.7195515 -1.4554421 3.9826672
-0.69019651 -1.4555705 3.9704003
-0.55198389 -1.454599 3.9980001
-0.50445306 -1.4515893 3.9520001
-0.46670488 -1.4515893 3.9520001
-0.41115731 -1.4587263 3.9903336
-0.39923364 -1.4580706 3.9980001
-1.1145266 -1.427861 3.9566
-1.0740857 -1.4228584 3.9573495
-1.0212508 -1.4232581 3.9532788
-0.97499311 -1.4241762 3.9681964
-0.92515343 -1.422219 3.9767041
-0.87619048 -1.4245791 3.9790161
-0.825432 -1.4243652 3.9810538
-0.77785969 -1.4348007 3.9789274
-0.72781146 -1.4458565 3.9788337
-0.67443591 -1.4355431 3.9831626
-0.62099111 -1.4317983 3.9780006
-0.57673955 -1.4382632 3.9822638
-0.51951665 -1.4356157 3.9821887
-0.47466841 -1.4281968 3.9826674
-0.4265548 -1.4261597 3.9889812
-0.38743025 -1.4247437 3.9980011
-1.0730684 -1.3752998 3.9618568
-1.0246837 -1.3747842 3.963311
-0.97617257 -1.3770403 3.9874427
-0.92904186 -1.3749645 3.9980006
-0.89567196 -1.3990535 3.9980001
-0.8401264 -1.3643376 3.9980001
-0.4642472 -1.3927417 3.9980009
-0.43050048 -1.3933268 3.9931588
-0.37647542 -1.3874817 3.9980006
-1.1015607 -1.317755 3.9520001
-1.0736623 -1.3252823 3.9529383
-1.0225003 -1.3229566 3.9716063
-0.97529972 -1.3233124 3.9723463
-0.927423 -1.3215286 3.9923677
-0.85054123 -1.3018488 3.9980001
-0.83665484 -1.343508 3.9980001
-1.0622529 -1.2812548 3.9520001
-1.0190588 -1.2766596 3.963501
-0.97277498 -1.2722826 3.9782858
-0.92746025 -1.2733955 3.9916871
-0.88217133 -1.2659756 3.9980006
-1.1015607 -1.2113737 3.9520001
-1.0741076 -1.2136614 3.9520001
-1.0219103 -1.2232943 3.9520006
-0.97620785 -1.2266632 3.9670684
-0.9256227 -1.2263747 3.9970007
-0.87517315 -1.2218367 3.9980009
-0.83188134 -1.2154927 3.9980009
-1.0892068 -1.1949017 3.9520001
-1.0222143 -1.1765548 3.9520001
-0.97502649 -1.1766826 3.9519989
-0.92538309 -1.1756651 3.9801116
-0.87422979 -1.1775522 3.9980009
-0.83804357 -1.1815002 3.9980011
-1.0195131 -1.138061 3.9520009
-0.97362769 -1.1259173 3.9588645
-0.92781883 -1.1265198 3.9892392
-0.8752284 -1.1245216 3.9980011
-0.82699472 -1.1288728 3.9980009
-0.77185172 -1.1062822 3.9980006
-1.0656605 -1.0717318 3.9520013
-1.0352156 -1.0609528 3.9520001
-0.97021407 -1.0756853 3.954191
-0.92697412 -1.0756879 3.9744387
-0.87140566 -1.0728228 3.9867353
-0.82184267 -1.0657804 3.9980011
-0.77605963 -1.0648333 3.9980009
-1.0535176 -1.0432227 3.9520001
-1.0346434 -1.0449384 3.9520001
-0.9664619 -1.0267869 3.9520006
-0.92277426 -1.0256087 3.9529195
-0.87509406 -1.0243335 3.9788315
-0.82438314 -1.0265428 3.9980006
-0.77939683 -1.0288184 3.9930725
-0.69779098 -1.024121 3.9980001
-0.96429467 -0.97030002 3.9519999
-0.92153096 -0.97445786 3.9519994
-0.87735003 -0.97470844 3.969378
-0.83905333 -0.97992486 3.9711671
-0.96650076 -0.92875242 3.9520016
-0.92354387 -0.92325753 3.9519997
-0.89222986 -0.92723286 3.9520001
-1.0054744 -0.88193494 3.9520001
-0.96257877 -0.89051408 3.9520001
-0.92354369 -0.88965607 3.9519999
-0.89137197 -0.88794023 3.9519999
-0.98831624 -0.84247088 3.9520001
-0.92115384 -0.81232148 3.9520001
-0.92596859 -0.7754634 3.9588161
-0.93226588 -0.74238104 3.9520004
-0.81136632 -1.6086831 4.0450001
-0.75868022 -1.4541371 4.0450001
-0.72814935 -1.4544072 4.0449996
-0.55847293 -1.4506248 4.0450001
-0.54442328 -1.4506247 4.0450001
-0.41095179 -1.4857488 4.0450001
-0.39338976 -1.4716991 4.0450001
-0.90620136 -1.4049634 4.0450001
-0.87522846 -1.4091145 4.0449991
-0.82809216 -1.4185113 4.0449991
-0.78002495 -1.4227958 4.0449991
-0.72345567 -1.427543 4.0449986
-0.68294376 -1.4227449 4.0449986
-0.62646323 -1.4220237 4.0449991
-0.56955051 -1.4309012 4.0449991
-0.52294737 -1.4213209 4.0449986
-0.49056637 -1.4108175 4.0450001
-0.41376171 -1.402856 4.0450001
-0.39456058 -1.4037926 4.0450001
-0.91217244 -1.3786205 4.0449991
-0.87458974 -1.3730091 4.0449982
-0.83056766 -1.3735861 4.0449991
-0.70950651 -1.3944261 4.0450001
-0.6989693 -1.3944261 4.0450001
-0.62872112 -1.3944261 4.0450001
-0.50227439 -1.3944261 4.0450001
-0.47105303 -1.3928652 4.0450001
-0.42734304 -1.3928652 4.0450001
-0.38221392 -1.3822925 4.0449996
-0.90770674 -1.3256834 4.0449996
-0.8748824 -1.3243245 4.0449986
-0.83723062 -1.3267328 4.0449991
-0.90795755 -1.2890539 4.0450001
-0.87515944 -1.2759537 4.0449986
-0.83369535 -1.2742515 4.0449991
-0.89039552 -1.2346115 4.0450001
-0.82269686 -1.2260571 4.0449986
-0.78326708 -1.2117809 4.0449996
-0.90268898 -1.1801692 4.0450001
-0.8731848 -1.1738468 4.0450001
-0.82247031 -1.1775632 4.0449986
-0.78372043 -1.1784695 4.0449986
-0.85351527 -1.1169459 4.0450001
-0.82320839 -1.1238705 4.0449986
-0.7842707 -1.1299922 4.0449991
-0.83024549 -1.0919201 4.0449991
-0.78092551 -1.0853343 4.0449996
-0.72082424 -1.0611377 4.0450001
-0.68843204 -1.0502101 4.0450001
-0.75516784 -1.0361605 4.0450001
-0.71582884 -1.0417804 4.0450001
-0.69545686 -1.0431854 4.0450001
-0.93078822 -0.79029191 4.0450001
-0.81388623 -1.6313266 4.0930004
-0.77123719 -1.4536222 4.0930004
-0.82200986 -1.4190967 4.0930018
-0.77402967 -1.4206197 4.0930018
-0.73291481 -1.414991 4.0930018
-0.66994572 -1.4180813 4.0930018
-0.62196553 -1.417066 4.0930014
-0.57007575 -1.4251894 4.0930018
-0.52861142 -1.4095517 4.0930014
-0.47553703 -1.403865 4.0930004
-0.41582838 -1.403865 4.0930004
-0.90984666 -1.3967568 4.0930004
-0.88496804 -1.3896487 4.0930004
-0.81800157 -1.3705688 4.0930014
-0.78748453 -1.3860945 4.0930014
-0.72249538 -1.394726 4.0930004
-0.63618183 -1.3967568 4.0930004
-0.50823462 -1.3967568 4.0930004
-0.46203148 -1.3967568 4.0930004
-0.42027098 -1.3958683 4.0930004
-0.39044201 -1.3845714 4.0930004
-0.85653532 -1.3398913 4.0930004
-0.82263482 -1.3243082 4.0930018
-0.79469413 -1.3199885 4.0930009
-0.85653532 -1.2759178 4.0930004
-0.81803274 -1.2800643 4.0930018
-0.78803837 -1.2684863 4.0930018
-0.74991268 -1.2545933 4.0930004
-0.80914754 -1.2451156 4.0930004
-0.77792722 -1.2324325 4.0930014
-0.8306874 -1.1886811 4.0930009
-0.77052641 -1.1685842 4.0930009
-0.76377362 -1.1277124 4.0930018
-0.74021977 -1.1117835 4.0930009
-0.76487726 -1.0750182 4.0930014
-0.72777569 -1.0803413 4.0930018
-0.77327693 -1.4710244 4.1420002
-0.84520972 -1.4350581 4.1420002
-0.76935327 -1.4134784 4.1419997
-0.71470314 -1.4083402 4.1420002
-0.67214799 -1.4139013 4.1419992
-0.61712295 -1.4167751 4.1419992
-0.57678694 -1.4210502 4.1419992
-0.52726692 -1.4091624 4.1419997
-0.48266864 -1.4084431 4.1419997
-0.4315964 -1.406285 4.1420002
-0.81020236 -1.3736755 4.1419997
-0.77525491 -1.3767924 4.1419988
-0.73371387 -1.3990917 4.1420002
-0.62221813 -1.3990917 4.1420002
-0.51791573 -1.3966939 4.1420002
-0.46828207 -1.397653 4.1420002
-0.4253023 -1.3981925 4.1420002
-0.39523041 -1.3719172 4.1420002
-0.81164104 -1.3319545 4.1420002
-0.79066062 -1.3253607 4.1419997
-0.3920334 -1.3451421 4.1420002
-0.76707578 -1.2768059 4.1419988
-0.74090719 -1.2717708 4.1419997
-0.66897446 -1.2552263 4.1420002
-0.64020133 -1.2552263 4.1420002
-0.76193374 -1.2245167 4.1419992
-0.74330491 -1.2264533 4.1420002
-0.6653778 -1.2345456 4.1420002
-0.64140022 -1.2336464 4.1420002
-0.76233059 -1.1807915 4.1419992
-0.7293731 -1.1731236 4.1419988
-0.67091125 -1.1655871 4.1419992
-0.64110053 -1.1698061 4.1420002
-0.56736946 -1.1572179 4.1420002
-0.53589886 -1.1563187 4.1420002
-0.48554596 -1.1617137 4.1420002
-0.75889039 -1.1288302 4.1420002
-0.71727216 -1.1283163 4.1419992
-0.67137229 -1.1348587 4.1419992
-0.64199966 -1.1383355 4.1420002
-0.70374197 -1.089781 4.1420002
-0.76714128 -1.4068806 4.1920009
-0.72194397 -1.4074875 4.1920009
-0.67371321 -1.4108242 4.1920013
-0.62015009 -1.4083176 4.1920009
-0.57573509 -1.4126443 4.1920013
-0.52926379 -1.4067595 4.1920013
-0.47927374 -1.4062742 4.1920013
-0.43118089 -1.4047298 4.1920013
-0.76950735 -1.3641466 4.1920009
-0.72534138 -1.3714917 4.1920013
-0.67341 -1.3723003 4.1920009
-0.62102479 -1.3718255 4.1920009
-0.57571542 -1.378641 4.1920009
-0.52884781 -1.3827002 4.1920013
-0.47404701 -1.3832204 4.1920013
-0.4270187 -1.3716528 4.1920013
-0.39676583 -1.3504598 4.1920004
-0.77206784 -1.3291216 4.1920009
-0.72437066 -1.3249792 4.1920009
-0.67268187 -1.3242515 4.1920009
-0.62640119 -1.3254995 4.1920009
-0.56056821 -1.3286195 4.1920004
-0.41351005 -1.3366274 4.1920009
-0.39676583 -1.3322595 4.1920004
-0.7225911 -1.2770115 4.1920013
-0.67475092 -1.2812988 4.1920009
-0.62474817 -1.2770835 4.1920009
-0.57012337 -1.2744737 4.1920009
-0.54188263 -1.2694081 4.1920013
-0.41132605 -1.2630986 4.1920004
-0.75349104 -1.2303381 4.1920004
-0.72177064 -1.2294714 4.1920009
-0.67554057 -1.2245674 4.1920009
-0.62199414 -1.2262428 4.1920013
-0.58307034 -1.2296765 4.1920013
-0.54236794 -1.2448983 4.1920009
-0.41132605 -1.2485384 4.1920004
-0.75349104 -1.1975776 4.1920004
-0.7226373 -1.1802441 4.1920009
-0.68068999 -1.1923776 4.1920009
-0.62283236 -1.1789942 4.1920009
-0.57785845 -1.1821074 4.1920013
-0.52717471 -1.1852332 4.1920009
-0.48129591 -1.1858485 4.1920009
-0.70398635 -1.1131283 4.1920009
-0.67765659 -1.1229568 4.1920013
-0.64064938 -1.1393367 4.1920004
-0.70253032 -1.095656 4.1920004
-0.69525021 -1.095656 4.1920004
-0.7258147 -1.4037329 4.243
-0.65212792 -1.4037329 4.243
-0.71353358 -1.381627 4.243
-0.6644091 -1.3791708 4.243
-0.60300344 -1.3607491 4.243
-0.57291466 -1.3638194 4.2429991
-0.52542764 -1.3679129 4.2429981
-0.47907564 -1.3675597 4.2429981
-0.43966436 -1.3582929 4.243
-0.60745531 -1.3231381 4.243
-0.575315 -1.3258036 4.2429981
-0.52639985 -1.3231385 4.2429976
-0.47527963 -1.3226776 4.2429972
-0.42369893 -1.3249203 4.2429991
-0.60370523 -1.2837288 4.243
-0.57957482 -1.2790322 4.243
-0.51898354 -1.2744 4.2429981
-0.47638494 -1.274044 4.2429976
-0.43010646 -1.2736598 4.2429991
-0.569372 -1.2331198 4.2429986
-0.52686048 -1.2325081 4.2429976
-0.47457787 -1.2303936 4.2429976
-0.43441701 -1.2416221 4.243
-0.62160057 -1.1710933 4.243
-0.68897128 -1.1218811 4.243
-0.45303148 -1.3201331 4.296
-0.43583044 -1.3298733 4.2960005
-0.45137358 -1.2795135 4.296
-0.43645212 -1.2496706 4.296
