# .PCD v0.7 - Point Cloud Data file format
VERSION 0.7
FIELDS x y z
SIZE 4 4 4
TYPE F F F
COUNT 1 1 1
WIDTH 1963
HEIGHT 1
VIEWPOINT 0 0 0 1 0 0 0
POINTS 1963
DATA ascii
-1.7357085 -0.4365553 3.1860001
-1.7447196 -0.84276444 3.2460001
-1.765731 -0.76179349 3.2459998
-1.7648526 -0.71592695 3.2459996
-1.7447196 -0.71028972 3.2460001
-1.762409 -0.678702 3.2460001
-1.7447197 -0.68492222 3.2460001
-1.7658595 -0.62375844 3.2459991
-1.7325057 -0.60600114 3.2460001
-1.757019 -0.57345903 3.2459996
-1.7312217 -0.57511693 3.2447996
-1.760094 -0.52605516 3.2460005
-1.7345726 -0.53666335 3.2460001
-1.6949242 -0.52801961 3.2460001
-1.7591465 -0.47637165 3.2424295
-1.7447196 -0.47634512 3.2460001
-1.7537277 -0.44960219 3.2160001
-1.7366238 -0.44166985 3.2309999
-1.6749589 -0.3558495 3.2460001
-1.6721405 -0.32883787 3.2459998
-1.6545241 -0.25367492 3.2460001
-1.6488869 -0.25085631 3.2460001
-1.6289004 -0.22113279 3.2459998
-1.6075473 -0.11368394 3.2460001
-1.5889916 -0.11536243 3.2399995
-1.6037891 -0.093014136 3.2460001
-1.5902183 -0.085739672 3.2385001
-1.5667446 -0.040668514 3.2460001
-1.5323843 -0.032883786 3.2460001
-1.4966819 -0.03100471 3.2460001
-1.4256097 -1.0443089 3.2770002
-1.7613821 -0.85365856 3.2770002
-1.7343496 -0.86409211 3.2770002
-1.7779675 -0.8226831 3.2770002
-1.7734586 -0.77918881 3.2769997
-1.7722621 -0.73096597 3.2770002
-1.7443089 -0.72244805 3.2770002
-1.7734756 -0.66680217 3.2770002
-1.7713413 -0.62111562 3.2770002
-1.7401357 -0.60913289 3.2770004
-1.6731707 -0.60609758 3.2770002
-1.7773169 -0.57280487 3.2770002
-1.7335591 -0.57174045 3.2770002
-1.7709535 -0.52849227 3.2770002
-1.7318248 -0.52550489 3.2769973
-1.6921408 -0.52831978 3.2770002
-1.7556913 -0.47804877 3.2770002
-1.7372264 -0.47482395 3.2769992
-1.6654191 -0.46951213 3.2770002
-1.6467481 -0.46869922 3.2770002
-1.7556911 -0.43536586 3.2770002
-1.723821 -0.43217883 3.277
-1.6813855 -0.42720503 3.2769983
-1.6410569 -0.43943095 3.2770002
-1.707536 -0.37889302 3.2770002
-1.68375 -0.37582874 3.2770002
-1.6196231 -0.3608647 3.2770002
-1.7044715 -0.34999999 3.2770002
-1.6688079 -0.32571825 3.2769992
-1.6269692 -0.32796022 3.276998
-1.5745257 -0.30636856 3.2770002
-1.6623223 -0.27654982 3.2770002
-1.6253656 -0.27630079 3.2770002
-1.5800813 -0.29146343 3.2770002
-1.657046 -0.22384824 3.2770002
-1.6251968 -0.22503719 3.2769969
-1.5835365 -0.21803863 3.2770002
-1.653252 -0.19634145 3.2770002
-1.6211077 -0.17821443 3.2769983
-1.5925474 -0.18306234 3.2770002
-1.6148373 -0.13231707 3.2770002
-1.5890243 -0.12452578 3.2770002
-1.5266261 -0.11192413 3.2770002
-1.6067752 -0.093902439 3.2770002
-1.5671747 -0.072323821 3.276999
-1.5327916 -0.082994558 3.2770002
-1.5653569 -0.042366762 3.2770002
-1.5252032 -0.041648198 3.2770002
-1.4949373 -0.035439763 3.2770002
-1.4313009 -0.025609758 3.2770002
-1.4258254 -1.0545261 3.3232224
-1.4271524 -1.0469577 3.3170002
-1.7203534 -0.91964924 3.3410001
-1.772679 -0.8576777 3.329706
-1.7424366 -0.8718006 3.3234005
-1.7743344 -0.821863 3.3223345
-1.7493644 -0.8036052 3.3410001
-1.8073152 -0.75568187 3.3090003
-1.7635671 -0.77750379 3.3209229
-1.741487 -0.76770896 3.3343334
-1.6603972 -0.76260298 3.3410001
-1.6426038 -0.75834799 3.3410001
-1.762934 -0.72607177 3.3102808
-1.732066 -0.72340399 3.3273437
-1.6713086 -0.72363621 3.3379524
-1.6389114 -0.731848 3.3230004
-1.7646885 -0.67541051 3.3098886
-1.7250873 -0.6745162 3.321739
-1.6804184 -0.67032272 3.3378646
-1.6426038 -0.65738964 3.3410001
-1.763641 -0.63691819 3.309001
-1.7243512 -0.62475705 3.3171971
-1.6728283 -0.6183452 3.3160162
-1.6383338 -0.62233806 3.3204291
-1.7555956 -0.59477621 3.3090003
-1.7184924 -0.57820499 3.3145189
-1.6775497 -0.57359827 3.3265707
-1.6292326 -0.569381 3.3218014
-1.5927049 -0.56571484 3.3410001
-1.7728354 -0.51719671 3.3090003
-1.7154697 -0.52327102 3.3160245
-1.6722256 -0.52473241 3.3113902
-1.6343712 -0.52485925 3.3247707
-1.5711079 -0.5080151 3.3409998
-1.7256166 -0.47831333 3.3142383
-1.6716416 -0.47769305 3.3123341
-1.6260673 -0.47441497 3.3266954
-1.5776134 -0.4773041 3.3398793
-1.547259 -0.47915766 3.3282001
-1.759712 -0.42727211 3.325
-1.7311012 -0.42635763 3.3101854
-1.6679804 -0.42116496 3.3119099
-1.6222391 -0.4252421 3.3107326
-1.5849681 -0.42220655 3.3299479
-1.5250126 -0.42994332 3.3410001
-1.4998696 -0.43516526 3.3410001
-1.7259045 -0.39460191 3.3090005
-1.6675291 -0.37669298 3.3096051
-1.6206725 -0.37927195 3.3123455
-1.576334 -0.37547493 3.3325813
-1.5314819 -0.36443833 3.341001
-1.6665229 -0.31798023 3.3090007
-1.6173728 -0.32567397 3.3097279
-1.5742679 -0.3256743 3.327553
-1.5284849 -0.32330969 3.3361206
-1.4940674 -0.32202232 3.3410001
-1.6661123 -0.28336361 3.309001
-1.6232436 -0.27458119 3.3090022
-1.569613 -0.27393696 3.3199394
-1.5358561 -0.27129596 3.3373086
-1.6808894 -0.21549863 3.3090003
-1.6125044 -0.24653041 3.3090005
-1.5718391 -0.2290052 3.3183358
-1.5322078 -0.21994603 3.3349071
-1.4911664 -0.20887932 3.3410001
-1.6591798 -0.17080262 3.3090003
-1.6192091 -0.1656945 3.3090003
-1.5751523 -0.17504475 3.3108051
-1.5278673 -0.17495081 3.3234186
-1.4956549 -0.17089219 3.335182
-1.4476497 -0.171165 3.3410001
-1.6535928 -0.1422291 3.3090003
-1.6291697 -0.13504583 3.309001
-1.5744029 -0.12424909 3.3090024
-1.5225729 -0.12737103 3.3113551
-1.486464 -0.1220179 3.3214462
-1.6161604 -0.077929445 3.3164675
-1.57745 -0.083326139 3.3090003
-1.5212928 -0.071534075 3.3095832
-1.482793 -0.074820057 3.3209343
-1.4389465 -0.066725343 3.3410001
-1.5119385 -0.046547707 3.3090005
-1.4793247 -0.039558969 3.318697
-1.4341791 -1.0592813 3.3730001
-1.7544042 -0.9050265 3.3730001
-1.7368311 -0.91869467 3.3730006
-1.8041953 -0.85230654 3.3730001
-1.7712747 -0.86285043 3.3730006
-1.741091 -0.86881495 3.3730009
-1.8012664 -0.84644878 3.3730001
-1.7697378 -0.8314597 3.3730009
-1.7239437 -0.83121842 3.3730009
-1.6827325 -0.81199127 3.3730009
-1.7575992 -0.78201324 3.3730009
-1.720808 -0.77270979 3.3730009
-1.6772996 -0.78269434 3.3730006
-1.6472906 -0.76611358 3.3730006
-1.7145715 -0.73436993 3.3730011
-1.682328 -0.721398 3.3730009
-1.6239355 -0.71722263 3.3730009
-1.5329802 -0.73280787 3.3730004
-1.7075419 -0.67657322 3.3730001
-1.6787412 -0.68194288 3.3730009
-1.6240047 -0.67784679 3.3730009
-1.6413236 -0.62207049 3.3730009
-1.5622691 -0.61096615 3.3730009
-1.549382 -0.60627991 3.3730001
-1.7149973 -0.57645851 3.3730009
-1.6238246 -0.57137728 3.3730009
-1.5654908 -0.57406217 3.3730006
-1.5420597 -0.56307882 3.3730006
-1.4790887 -0.56722808 3.3730001
-1.7227722 -0.5430159 3.3730004
-1.6215792 -0.52954286 3.3730009
-1.5772066 -0.52060992 3.3730009
-1.5235711 -0.51273853 3.3730009
-1.4954904 -0.50904077 3.3730004
-1.6138176 -0.48912436 3.3730001
-1.5606096 -0.47350359 3.3730009
-1.5316132 -0.46881738 3.3730011
-1.7778352 -0.42468882 3.3730001
-1.5688384 -0.42615321 3.3730009
-1.5303886 -0.43178922 3.3730009
-1.4615153 -0.44811994 3.3730001
-1.6099124 -0.35830069 3.3730001
-1.5552398 -0.38661328 3.3730001
-1.5238835 -0.37145203 3.3730009
-1.496662 -0.36025327 3.3730001
-1.6079597 -0.34853774 3.3730001
-1.5654908 -0.30680108 3.3730006
-1.5157976 -0.32881656 3.3730011
-1.496662 -0.34560883 3.3730001
-1.5636081 -0.29247043 3.3730006
-1.5340052 -0.27989197 3.3730009
-1.5202761 -0.22881941 3.3730009
-1.4823009 -0.21872181 3.3730009
-1.5069129 -0.17426887 3.3730009
-1.4782685 -0.17303871 3.3730006
-1.4468708 -0.16548219 3.3730001
-1.5083776 -0.14644441 3.3730001
-1.4774151 -0.13514729 3.3730009
-1.6489642 -0.073222212 3.3730001
-1.4726301 -0.075024582 3.3730009
-1.4472892 -0.065690786 3.3730006
-1.4686064 -0.042391803 3.3730006
-1.4454064 -0.04539777 3.3730001
-1.2695034 -1.1500208 3.4400001
-1.4564147 -1.0670575 3.4230001
-1.6137629 -1.0036545 3.4400003
-1.5691769 -1.0110831 3.4359994
-1.5372647 -1.013682 3.4205716
-1.7293268 -0.96237761 3.4372802
-1.6762162 -0.96293598 3.4400008
-1.6338748 -0.96320999 3.4364834
-1.5720118 -0.97840011 3.4400001
-1.5413265 -0.9528743 3.4400001
-1.7631184 -0.91050088 3.4059999
-1.7264516 -0.92429852 3.4223874
-1.6763793 -0.926898 3.434139
-1.6243749 -0.92156285 3.427315
-1.5813943 -0.9221797 3.4400005
-1.5306584 -0.92812431 3.4399998
-1.7622733 -0.87585545 3.4059999
-1.7236556 -0.87697279 3.4116688
-1.6736023 -0.87395674 3.4173341
-1.6258422 -0.87545645 3.4255893
-1.5774733 -0.8692953 3.439405
-1.5181193 -0.8641814 3.4400005
-1.4842106 -0.87032276 3.440001
-1.762148 -0.82734549 3.4059992
-1.7288725 -0.82870376 3.4060011
-1.6701125 -0.83056849 3.4077909
-1.6251758 -0.82368463 3.4148333
-1.5755755 -0.82265371 3.4246466
-1.524754 -0.8221615 3.4292898
-1.4899776 -0.82428825 3.4400001
-1.758989 -0.78609896 3.4135556
-1.7342579 -0.77988136 3.4059992
-1.6583933 -0.78059423 3.4059999
-1.6219519 -0.77669901 3.4116688
-1.5764666 -0.77802235 3.4251649
-1.5261141 -0.77608848 3.4285326
-1.4849786 -0.774005 3.4357505
-1.7176757 -0.73840004 3.4060001
-1.6731353 -0.72156471 3.4059992
-1.6198274 -0.72530335 3.4111536
-1.5742551 -0.72423375 3.4251513
-1.5255629 -0.72841203 3.433202
-1.4865834 -0.72432017 3.4379401
-1.7005875 -0.6950227 3.4060001
-1.6721388 -0.68572766 3.4059994
-1.6185088 -0.6704784 3.42328
-1.5734736 -0.67579615 3.4390161
-1.5227586 -0.67396408 3.4372597
-1.4873602 -0.68188465 3.4364829
-1.6532668 -0.62995672 3.4060001
-1.6262633 -0.6250332 3.419049
-1.5652777 -0.62530166 3.417335
-1.5250553 -0.62615544 3.4340651
-1.4872682 -0.62339777 3.4341955
-1.6182683 -0.57542056 3.4076579
-1.5757828 -0.57462972 3.4080009
-1.5250094 -0.57233363 3.4104605
-1.4863199 -0.57164693 3.4230013
-1.6103824 -0.54270923 3.4060001
-1.5664886 -0.534504 3.4081924
-1.5198772 -0.53431046 3.4160461
-1.4873211 -0.52685094 3.4318411
-1.6046317 -0.46104813 3.4060001
-1.5714841 -0.47616455 3.4059992
-1.5215967 -0.4790037 3.4060006
-1.4826868 -0.4747178 3.4225545
-1.4487274 -0.45702124 3.4400001
-1.6029886 -0.44067395 3.4060001
-1.5700859 -0.42588618 3.4059997
-1.5198708 -0.4193354 3.4146678
-1.4750136 -0.42637423 3.4198537
-1.4467361 -0.42018074 3.4400001
-1.5556679 -0.39631081 3.4060001
-1.5195324 -0.38756084 3.4070616
-1.4843608 -0.37506834 3.4204264
-1.4457402 -0.39727989 3.4400001
-1.5104175 -0.32503405 3.4059994
-1.4752604 -0.32394254 3.4124582
-1.4318911 -0.30495235 3.4400001
-1.5558462 -0.28381419 3.4173336
-1.5224578 -0.27372676 3.4104919
-1.4798687 -0.2759513 3.4132559
-1.424831 -0.28078428 3.4399996
-1.5162339 -0.23857516 3.4060001
-1.4708328 -0.22380374 3.4152737
-1.4327964 -0.22701709 3.4400003
-1.4658672 -0.17740667 3.4200003
-1.4420657 -0.16591544 3.4383807
-1.4720222 -0.12212643 3.4141426
-1.4405837 -0.12775494 3.4352787
-1.3626002 -0.11599775 3.4400001
-1.3471671 -0.11052147 3.4400001
-1.4613225 -0.078947879 3.4264002
-1.4427532 -0.084135726 3.4400001
-1.1816381 -0.071939193 3.4302859
-1.4605253 -0.039338756 3.4187503
-1.4462388 -0.032532979 3.4060001
-1.2804081 -1.1576982 3.4750001
-1.2794024 -1.1496516 3.4750001
-1.4755372 -1.0812559 3.4750001
-1.6505498 -1.0048137 3.4750001
-1.6175588 -1.0092396 3.4749997
-1.5720959 -1.0116031 3.4749994
-1.5464474 -1.0229185 3.4750001
-1.7591783 -0.96860415 3.4750001
-1.7333927 -0.97628492 3.4749999
-1.6575906 -0.99374974 3.4750001
-1.6189232 -0.97754514 3.4750013
-1.5782784 -0.96948743 3.4749997
-1.5358866 -0.95774138 3.4749997
-1.4898701 -0.96558672 3.4750001
-1.6022704 -0.9444645 3.4750001
-1.5751867 -0.92106068 3.4749997
-1.5254855 -0.92045337 3.4750004
-1.4926361 -0.91998941 3.4749994
-1.5705872 -0.88954669 3.4749992
-1.533101 -0.88086569 3.4749992
-1.4891157 -0.87657166 3.4750001
-1.5278397 -0.84589422 3.4750001
-1.4916304 -0.82678366 3.4749994
-1.5177816 -0.79359156 3.4750001
-1.487607 -0.77548677 3.4750001
-1.5358863 -0.72117257 3.4750001
-1.4906244 -0.72921914 3.4749999
-1.5097351 -0.65881181 3.4750001
-1.4824773 -0.68224746 3.4749992
-1.5554998 -0.62008768 3.4750001
-1.4848217 -0.61532944 3.4749997
-1.4696648 -0.56899458 3.4749992
-1.4453626 -0.55521238 3.4750001
-1.4689536 -0.54067373 3.4749999
-1.4453626 -0.54615998 3.4750001
-1.4654193 -0.47995332 3.474999
-1.4386175 -0.4687711 3.4749994
-1.3638911 -0.47072351 3.4750001
-1.4618789 -0.42482638 3.4749992
-1.4283662 -0.42225951 3.4750006
-1.394497 -0.41166756 3.4750004
-1.3367341 -0.44356638 3.4750001
-1.4664845 -0.37416476 3.4750009
-1.4336818 -0.37679297 3.474999
-1.3970833 -0.39528707 3.4750001
-1.4630359 -0.33148941 3.4749992
-1.4323641 -0.32170749 3.4749992
-1.3809901 -0.32085642 3.4750001
-1.4657606 -0.27386445 3.4750009
-1.4188321 -0.27196974 3.4750013
-1.3825164 -0.27458867 3.474999
-1.4632895 -0.22666438 3.474999
-1.4242408 -0.22418609 3.4750013
-1.3782604 -0.22544731 3.4749999
-1.342769 -0.23536175 3.4750001
-1.4548461 -0.19009988 3.4750004
-1.4303613 -0.17578849 3.474999
-1.3785475 -0.15647678 3.4749997
-1.3306992 -0.15690784 3.4750001
-1.4513975 -0.10561104 3.4750001
-1.4235027 -0.1270685 3.4750004
-1.3751516 -0.13401927 3.4749997
-1.3420591 -0.12726575 3.4749994
-1.4607245 -0.084763154 3.4749999
-1.4423451 -0.093541212 3.4750001
-1.2201848 -0.067515634 3.4749994
-1.1979311 -0.081471376 3.4750001
-1.2582802 -0.045261875 3.4750001
-1.3034639 -1.1591991 3.5100002
-1.2740014 -1.1703744 3.5100002
-1.4933684 -1.1054006 3.5460002
-1.5660354 -1.0573664 3.5460002
-1.5236464 -1.0679381 3.5460002
-1.4919147 -1.0967102 3.5280004
-1.5637984 -1.0168412 3.5166676
-1.5280719 -1.023878 3.5313919
-1.4968876 -1.0139071 3.5460002
-1.6062171 -0.99461508 3.5100002
-1.5714935 -0.989492 3.5114412
-1.5209191 -0.97689605 3.5213687
-1.4934987 -0.97283214 3.5445001
-1.587168 -0.92045069 3.5100002
-1.513656 -0.94230539 3.5235002
-1.4815942 -0.92083132 3.5397942
-1.4389157 -0.91097009 3.5408578
-1.5056849 -0.85907173 3.5460002
-1.4791304 -0.87939405 3.5357847
-1.438429 -0.88170034 3.5380006
-1.5093799 -0.82828063 3.5460002
-1.4866756 -0.8221578 3.5336845
-1.5083241 -0.76229972 3.5460002
-1.4786395 -0.77621478 3.5347874
-1.4383603 -0.77371109 3.5329094
-1.5056849 -0.74822378 3.5460002
-1.4695891 -0.72590375 3.5239992
-1.436896 -0.72040516 3.5345457
-1.5078374 -0.67293632 3.5202858
-1.4738749 -0.67345315 3.5149643
-1.4364433 -0.67699349 3.5237863
-1.4751402 -0.62326449 3.5252299
-1.4325008 -0.62865752 3.5368369
-1.3948369 -0.61890113 3.5460002
-1.4625658 -0.57816631 3.5268006
-1.4294031 -0.56458849 3.5422754
-1.3694793 -0.55550772 3.5460005
-1.3381814 -0.55731887 3.546
-1.4744246 -0.52501744 3.5247266
-1.427076 -0.52620268 3.5390162
-1.3764806 -0.52664632 3.546001
-1.325372 -0.52061605 3.5460005
-1.2963053 -0.50189495 3.5460002
-1.457482 -0.48948476 3.5100002
-1.4282525 -0.47642687 3.530211
-1.3752953 -0.47041082 3.5363407
-1.3287655 -0.4689613 3.540462
-1.4241172 -0.43189478 3.5227749
-1.3709418 -0.42602515 3.5398278
-1.3358146 -0.43437883 3.5410342
-1.4222692 -0.37426275 3.5214787
-1.3752664 -0.36706638 3.5263021
-1.3295598 -0.35779259 3.5460002
-1.4258521 -0.3316361 3.5177844
-1.3725599 -0.32394823 3.5139992
-1.3337569 -0.3240298 3.5284874
-1.1916156 -0.32946479 3.5460002
-1.4068006 -0.27909601 3.5100005
-1.368315 -0.27492481 3.5221758
-1.3290284 -0.27590436 3.5439236
-1.2963053 -0.27404079 3.5460002
-1.4191459 -0.21828414 3.5125721
-1.366727 -0.21793127 3.5198188
-1.3248044 -0.22540547 3.52163
-1.2817049 -0.21038358 3.539793
-1.2378023 -0.20014216 3.5460002
-1.4208747 -0.180307 3.519392
-1.3729827 -0.17884779 3.5276728
-1.3191001 -0.17475696 3.5210316
-1.2764491 -0.17696257 3.5428433
-1.2331026 -0.1839363 3.5460005
-1.1916156 -0.15087639 3.5460002
-1.4244543 -0.13050342 3.5100002
-1.3541614 -0.14351778 3.5172002
-1.3302256 -0.13562728 3.5251586
-1.2562768 -0.10161063 3.5460002
-1.2335685 -0.10738397 3.5460005
-1.2668456 -0.07198485 3.5250008
-1.2301234 -0.080429755 3.5228584
-1.1896098 -0.091920041 3.5280004
-1.2605987 -0.045952201 3.5280004
-1.2468052 -0.045952201 3.5280004
-1.3611668 -1.1744926 3.5830002
-1.5125064 -1.1062676 3.5830004
-1.4847522 -1.108638 3.5830002
-1.564953 -1.0718216 3.5830002
-1.5185672 -1.0773369 3.5830016
-1.4812505 -1.0717715 3.5830002
-1.4425776 -1.0588582 3.5830002
-1.5093396 -1.0344868 3.5830002
-1.4747269 -1.0267087 3.5830035
-1.4316412 -1.0181293 3.5830002
-1.3907236 -1.00493 3.5830002
-1.3191651 -1.017375 3.5830002
-1.5027281 -0.98315132 3.5830002
-1.4740243 -0.97753084 3.5830033
-1.428528 -0.97945303 3.5830026
-1.3938348 -0.99870753 3.5830002
-1.472348 -0.94416946 3.5830002
-1.4291751 -0.92882425 3.5830009
-1.3927978 -0.90951872 3.5830002
-1.504506 -0.86714667 3.5830004
-1.473313 -0.86266154 3.5830002
-1.4241407 -0.87644714 3.5830028
-1.3786447 -0.87370884 3.5830002
-1.3325251 -0.86583936 3.5830002
-1.5027281 -0.83443415 3.5830002
-1.4745196 -0.8307007 3.5830019
-1.4236659 -0.82228208 3.5830002
-1.3739372 -0.83142418 3.5830014
-1.3333384 -0.8263796 3.5830002
-1.2973864 -0.80581075 3.5830002
-1.5089506 -0.78092086 3.5830002
-1.4825051 -0.7793653 3.5830002
-1.422725 -0.77658737 3.583003
-1.3771473 -0.77130425 3.5830016
-1.3367956 -0.76847589 3.5830002
-1.4529483 -0.74669725 3.5830002
-1.4223542 -0.72668171 3.5830035
-1.3766999 -0.72473264 3.5830035
-1.3396994 -0.71828121 3.5830004
-1.4223915 -0.67191643 3.583003
-1.3752202 -0.67302948 3.5830033
-1.3349437 -0.66691607 3.5830004
-1.4716158 -0.60358024 3.5830002
-1.4218358 -0.61849821 3.5830009
-1.3767505 -0.62230235 3.583003
-1.3272814 -0.62211245 3.5830019
-1.2915788 -0.61374366 3.5830004
-1.4627267 -0.58891308 3.5830004
-1.4250953 -0.57943094 3.5830014
-1.3767231 -0.58301145 3.5830002
-1.3347213 -0.57246792 3.5830004
-1.2859787 -0.58387578 3.5830002
-1.4529483 -0.509206 3.5830002
-1.4307253 -0.52135468 3.5830004
-1.3712076 -0.51194018 3.5830002
-1.3150167 -0.52605861 3.5830002
-1.2927196 -0.50246501 3.5830002
-1.2476066 -0.51335436 3.5830002
-1.4529483 -0.4946869 3.5830002
-1.4221067 -0.47006756 3.5830002
-1.3661164 -0.4845047 3.5830002
-1.3242073 -0.47462472 3.583003
-1.2889011 -0.46696851 3.5830002
-1.4134357 -0.42312837 3.5830002
-1.380841 -0.41653991 3.5830002
-1.326817 -0.42153075 3.5830004
-1.2737988 -0.42652902 3.5830014
-1.2351617 -0.40134975 3.5830002
-1.4156135 -0.39512727 3.5830002
-1.3672698 -0.38459694 3.5830004
-1.3267702 -0.37553811 3.5830028
-1.2948974 -0.37770435 3.5830002
-1.1682701 -0.35312557 3.5830002
-1.3658336 -0.31112385 3.5830002
-1.3245392 -0.32102323 3.5830002
-1.273741 -0.31527221 3.5830004
-1.2258278 -0.31451792 3.5830002
-1.1812338 -0.32762274 3.5830002
-1.3137723 -0.27295935 3.5830004
-1.2787191 -0.27370492 3.5830004
-1.2476066 -0.29556766 3.5830002
-1.1805421 -0.26929498 3.5830002
-1.3564999 -0.2022305 3.5830002
-1.3141394 -0.23908673 3.5830004
-1.2737142 -0.22779681 3.5830019
-1.2315718 -0.21467546 3.5830004
-1.1826439 -0.22936054 3.5830002
-1.1436024 -0.22534256 3.5830004
-1.3129425 -0.15556192 3.5830002
-1.2677382 -0.16269945 3.5830002
-1.2229607 -0.17185017 3.5830026
-1.1790112 -0.16756241 3.5830014
-1.1438987 -0.16593271 3.5830002
-1.3133873 -0.13348697 3.5830002
-1.2768141 -0.12743382 3.5830021
-1.2231774 -0.12744556 3.5830028
-1.1773665 -0.12397496 3.5830033
-1.1418245 -0.13585742 3.5830002
-1.0547098 -0.10267087 3.5830002
-1.0391536 -0.10889334 3.5830002
-1.3067201 -0.080892205 3.5830002
-1.2927196 -0.091781534 3.5830002
-1.2040492 -0.096448392 3.5830002
-1.2538291 -0.046668578 3.5830002
-1.2476066 -0.046668578 3.5830002
-0.61312586 -1.4620693 3.6210003
-0.56910658 -1.4809347 3.6210003
-0.52927959 -1.4809349 3.6210003
-0.48040608 -1.476301 3.6210015
-0.43704867 -1.4793626 3.6210003
-0.37416399 -1.4796771 3.6210003
-1.3048576 -1.204242 3.6210003
-1.2954249 -1.204242 3.6210003
-1.4180501 -1.1577073 3.6210003
-1.3731635 -1.1745347 3.6210017
-1.3312092 -1.1853768 3.6210015
-1.2985691 -1.1885209 3.6210003
-1.4711089 -1.1175791 3.6210017
-1.4268743 -1.1249268 3.621002
-1.3789717 -1.1199466 3.621002
-1.3415403 -1.1156794 3.621001
-1.5108049 -1.0926217 3.6210003
-1.4742764 -1.0842062 3.6210017
-1.4271333 -1.0754784 3.6210022
-1.378257 -1.0754828 3.6210017
-1.3373142 -1.0715753 3.6210015
-1.2985691 -1.0533187 3.6210003
-1.4557809 -1.0470303 3.6210003
-1.4196223 -1.0344534 3.6210017
-1.3768255 -1.0251703 3.6210022
-1.3266648 -1.0249194 3.621002
-1.2948698 -1.0248357 3.6210012
-1.4171519 -0.97336555 3.6210017
-1.3732759 -0.97785717 3.6210017
-1.3304956 -0.97507536 3.621002
-1.2891364 -0.96685219 3.6210003
-1.4238551 -0.92900062 3.6210017
-1.3764646 -0.9250136 3.621002
-1.3284937 -0.92375487 3.621002
-1.2943767 -0.92807341 3.621001
-1.4620693 -0.85365987 3.6210003
-1.4285311 -0.86571282 3.6210015
-1.378307 -0.88327831 3.6210015
-1.3222823 -0.87580031 3.621002
-1.2938528 -0.88667428 3.6210003
-1.4647645 -0.84130752 3.6210005
-1.4276196 -0.82830071 3.6210017
-1.3773997 -0.81278491 3.6210017
-1.3223562 -0.82310605 3.621002
-1.2906038 -0.81519532 3.6210015
-1.2300247 -0.80555296 3.6210008
-1.4054731 -0.79549146 3.6210003
-1.3671135 -0.78134239 3.6210015
-1.3237236 -0.77348179 3.6210022
-1.2707781 -0.7711491 3.6210015
-1.241233 -0.78254455 3.6210012
-1.4369154 -0.73679912 3.6210003
-1.3625973 -0.73432189 3.621001
-1.3254079 -0.72429717 3.6210022
-1.277359 -0.72365367 3.621002
-1.2451172 -0.72002983 3.6210003
-1.377175 -0.67601049 3.6210003
-1.3227867 -0.67427087 3.6210017
-1.2823012 -0.67136228 3.621002
-1.2482613 -0.65085667 3.6210003
-1.3748169 -0.62884706 3.6210003
-1.3277248 -0.61912847 3.6210017
-1.2850603 -0.62896359 3.6210017
-1.3196921 -0.57491142 3.621002
-1.2808324 -0.56765556 3.621002
-1.2210116 -0.55952418 3.6210015
-1.1927133 -0.55443347 3.6210003
-1.3077159 -0.5296607 3.621001
-1.2764431 -0.52555317 3.621002
-1.2297552 -0.53065711 3.6210017
-1.1948093 -0.53011811 3.6210008
-1.3069538 -0.48316413 3.6210003
-1.2736439 -0.48003879 3.6210017
-1.2381616 -0.47725666 3.621002
-1.1897 -0.48460528 3.6210012
-1.3188857 -0.42326251 3.6210017
-1.265729 -0.42330727 3.6210017
-1.2379156 -0.42650032 3.6210015
-1.1790881 -0.4118948 3.6210003
-1.316467 -0.36690804 3.6210012
-1.2763101 -0.37725857 3.6210022
-1.2279162 -0.37897283 3.621002
-1.1755507 -0.37403306 3.621002
-1.3154995 -0.33425632 3.6210017
-1.2753667 -0.33556584 3.6210017
-1.2320435 -0.32915178 3.6210017
-1.1703811 -0.32337251 3.621002
-1.3069538 -0.27913821 3.6210005
-1.2663643 -0.27545404 3.621002
-1.2243428 -0.27680492 3.6210022
-1.1731424 -0.27743581 3.6210017
-1.2618864 -0.24629843 3.6210003
-1.2259521 -0.23087677 3.621002
-1.1727997 -0.22376473 3.6210017
-1.1269171 -0.22650145 3.6210017
-1.204242 -0.19179836 3.6210003
-1.1719325 -0.18594356 3.6210017
-1.1413573 -0.16245215 3.6210003
-1.0973381 -0.17293292 3.6210003
-1.3260398 -0.11633669 3.6210015
-1.2671268 -0.14463481 3.6210003
-1.1619698 -0.12542003 3.6210015
-1.1224918 -0.12922806 3.6210015
-1.0798923 -0.11836522 3.6210015
-1.0326567 -0.11274329 3.6210005
-0.98100138 -0.11319246 3.6210003
-1.3186922 -0.094955906 3.6210003
-1.0816169 -0.097471289 3.6210003
-0.60047507 -1.5060043 3.6980002
-0.36285394 -1.5060043 3.6980002
-0.31789857 -1.5060043 3.6980002
-0.65919232 -1.4619666 3.6980004
-0.62002939 -1.4661744 3.6829989
-0.57395613 -1.4810193 3.6859441
-0.52700168 -1.4715155 3.6732795
-0.47538289 -1.4712702 3.6831415
-0.42468876 -1.4761544 3.6817904
-0.37506163 -1.4775993 3.6807923
-0.33424774 -1.4865878 3.6784997
-0.62295276 -1.4469203 3.6980004
-0.5198766 -1.4414611 3.6980007
-0.48217157 -1.4400922 3.6980009
-0.42340606 -1.4482048 3.6980004
-0.38105017 -1.4471343 3.6980004
-0.33716515 -1.4482046 3.6980002
-1.3065301 -1.2164624 3.6850009
-1.2937366 -1.2105643 3.6850002
-1.4106909 -1.168586 3.6590002
-1.3706579 -1.1664678 3.6589987
-1.3233287 -1.1741397 3.6716156
-1.2890477 -1.1853034 3.6742609
-1.6055484 -1.1174617 3.6980002
-1.5854386 -1.1024994 3.6590002
-1.5028306 -1.1406262 3.6590002
-1.4901217 -1.1469806 3.6590002
-1.4043365 -1.1438035 3.6590002
-1.3717281 -1.1392885 3.6589999
-1.3228928 -1.1253201 3.6709495
-1.2856362 -1.1092222 3.6941001
-1.3646212 -1.0850246 3.6590002
-1.3168955 -1.0792917 3.671186
-1.2869927 -1.0786366 3.6791282
-1.2410887 -1.0564508 3.6980002
-1.3130403 -1.010641 3.6668003
-1.2775024 -1.020237 3.6798916
-1.2364382 -1.0265205 3.6927998
-1.410338 -0.97258598 3.6589999
-1.3948047 -0.96905571 3.6590002
-1.3174939 -0.98068559 3.6638753
-1.2828398 -0.97765476 3.6778021
-1.2448353 -0.97296232 3.6980004
-1.3175759 -0.92907995 3.6622503
-1.2842945 -0.92435157 3.6816998
-1.2443 -0.91997921 3.6980002
-1.3071847 -0.87276149 3.6698337
-1.2805961 -0.87593681 3.6784985
-1.2416708 -0.87204146 3.6882498
-1.1881058 -0.89589602 3.6980002
-1.3083841 -0.83815378 3.6590002
-1.2786474 -0.82911128 3.66343
-1.2324301 -0.82620329 3.6758397
-1.188748 -0.80726975 3.6980004
-1.3093084 -0.78304321 3.6590002
-1.277606 -0.77551538 3.6627729
-1.228243 -0.77688366 3.6882486
-1.1907617 -0.77799302 3.6963048
-1.3160094 -0.70725185 3.6590002
-1.2602425 -0.72118229 3.6736248
-1.2302694 -0.72605562 3.690908
-1.1888456 -0.72509384 3.6904161
-1.2648057 -0.67512256 3.6722748
-1.2288085 -0.66539145 3.6979997
-1.1913168 -0.66519111 3.6980009
-1.2725205 -0.6240775 3.6743197
-1.2245516 -0.62220055 3.6845922
-1.1895185 -0.62128311 3.6980002
-1.2667739 -0.57696182 3.658999
-1.2256939 -0.58368808 3.6589985
-1.1870115 -0.57360566 3.678499
-1.2581837 -0.53377497 3.6590002
-1.2216443 -0.52096903 3.6644151
-1.1801453 -0.52630156 3.6887805
-1.1463616 -0.52661991 3.6980002
-1.2204945 -0.4718326 3.6674767
-1.1829554 -0.473584 3.6799254
-1.1142505 -0.45276463 3.6980002
-1.2225463 -0.42997715 3.6753783
-1.1763002 -0.42207354 3.6842766
-1.1308293 -0.42290658 3.6969733
-1.0917729 -0.4013871 3.6980002
-1.3058423 -0.38444504 3.6590002
-1.2550066 -0.37173611 3.6590002
-1.2307441 -0.37173611 3.6590002
-1.1656953 -0.37729809 3.6907775
-1.1154212 -0.37086558 3.6946089
-1.0715826 -0.3673228 3.6719987
-1.0430073 -0.36099932 3.6701434
-1.1583954 -0.32670349 3.6742609
-1.1263069 -0.32145846 3.6796925
-1.0758989 -0.32412884 3.6775067
-1.0336785 -0.32624745 3.684072
-1.2565951 -0.27800778 3.6590002
-1.2486521 -0.27959639 3.6590002
-1.1572466 -0.27673706 3.6672106
-1.1255924 -0.27380025 3.6742325
-1.0776488 -0.27370316 3.6860468
-1.0227379 -0.26594621 3.6965556
-0.99865109 -0.25367665 3.6980002
-1.1642284 -0.219229 3.6590004
-1.1180029 -0.22155637 3.6636779
-1.0735308 -0.22443411 3.6782072
-1.0254487 -0.22264202 3.6826773
-0.98115301 -0.2202493 3.6755941
-0.90231818 -0.2022991 3.6980002
-0.87877023 -0.21942495 3.6980004
-1.157379 -0.17763613 3.6590002
-1.1259425 -0.1746601 3.6597478
-1.0734998 -0.17486323 3.6589975
-1.0225734 -0.17357351 3.665391
-0.97480488 -0.17405346 3.6838167
-0.92387837 -0.16560087 3.6980009
-0.89161456 -0.17446959 3.6980004
-0.80598527 -0.17661032 3.6980002
-0.79635203 -0.17661032 3.6980002
-1.3503234 -0.11120311 3.6590002
-1.1567574 -0.11881453 3.6625457
-1.1286961 -0.12870581 3.6599731
-1.0701313 -0.13860673 3.6589985
-1.0241534 -0.13264029 3.6658804
-0.97767943 -0.13328734 3.6771996
-0.9183737 -0.14449936 3.6980002
-1.1142505 -0.099543996 3.6980002
-0.61021608 -1.5158026 3.7380002
-0.7887367 -1.450886 3.7380002
-0.67432112 -1.4695494 3.7379997
-0.62227201 -1.4555229 3.7379999
-0.57451183 -1.4661416 3.7379997
-0.54205364 -1.4508861 3.7380004
-0.46887493 -1.4585578 3.7380002
-0.42563656 -1.4547809 3.7379999
-0.37016574 -1.4641516 3.7379997
-0.34405801 -1.4697117 3.7380002
-0.7887367 -1.4443944 3.7380002
-0.51886916 -1.4365115 3.7379999
-0.48362872 -1.4362798 3.7379997
-0.42412183 -1.4411485 3.7379999
-0.38463086 -1.4443944 3.7380002
-0.33988482 -1.4351205 3.7380004
-1.1912197 -1.3015779 3.7380002
-1.2601936 -1.2634394 3.7380004
-1.2286322 -1.2696325 3.7380002
-1.1912197 -1.2885946 3.7380002
-1.3062149 -1.2422256 3.7380004
-1.2750343 -1.2290156 3.7380013
-1.2308754 -1.2318631 3.7380013
-1.1977113 -1.223678 3.7380002
-1.3134323 -1.1677932 3.7379997
-1.275871 -1.1727831 3.7380016
-1.2261748 -1.170746 3.7380021
-1.1977115 -1.1717448 3.7380004
-1.3028764 -1.1379881 3.7380002
-1.2732265 -1.1248455 3.7380016
-1.2269237 -1.1230577 3.7380028
-1.1944654 -1.1203523 3.7379999
-1.3032008 -1.0759927 3.7380004
-1.2776514 -1.0784502 3.7379997
-1.2331014 -1.0752074 3.7379994
-1.2691196 -1.0166661 3.7380002
-1.2226182 -1.0221719 3.7380016
-1.1944654 -1.0256822 3.7379997
-1.2698411 -0.97410977 3.7379999
-1.2261906 -0.97406334 3.7380025
-1.1944654 -0.97374892 3.7379997
-1.2674966 -0.93601614 3.7379997
-1.2268037 -0.92578304 3.7380021
-1.1947151 -0.92655963 3.7379999
-1.2225757 -0.87729323 3.7380021
-1.1944654 -0.87637401 3.7379997
-1.2182683 -0.8347193 3.7379997
-1.1916833 -0.82722294 3.7379999
-1.2106947 -0.7887367 3.7380004
-1.1928426 -0.77331907 3.7380004
-1.2561363 -0.70759094 3.7380002
-1.2288712 -0.70564353 3.7380002
-1.1795348 -0.70694178 3.7380002
-1.262628 -0.69006348 3.7380002
-1.2283149 -0.69043428 3.7379997
-1.1942158 -0.6793772 3.7379999
-1.204203 -0.62969106 3.7380002
-1.1719686 -0.61525255 3.7379994
-1.1354995 -0.60859323 3.7379999
-1.1729469 -0.57210743 3.7379994
-1.1338768 -0.58965921 3.7380004
-1.1681631 -0.52213079 3.7379994
-1.1360406 -0.51868361 3.7379997
-1.169914 -0.47364137 3.7380004
-1.1249443 -0.47109812 3.7380009
-1.0854056 -0.46155706 3.7380002
-1.0354198 -0.45117038 3.7380002
-1.1749905 -0.43364292 3.7380002
-1.1165656 -0.42711288 3.7379994
-1.0792878 -0.42284298 3.7379994
-1.0429101 -0.42819992 3.7379999
-0.98997819 -0.4316954 3.7380002
-1.1590564 -0.37327048 3.7379997
-1.1335161 -0.37952161 3.7379994
-1.0722058 -0.38841772 3.7379999
-1.0254419 -0.37555444 3.7380021
-0.98565036 -0.36918303 3.7379994
-1.1587614 -0.34730381 3.7380002
-1.1263031 -0.34730381 3.7380002
-1.0638207 -0.31484553 3.7379997
-1.0234751 -0.32432315 3.7380016
-0.97374898 -0.32808828 3.7380016
-0.94268191 -0.32875624 3.7380004
-1.0669507 -0.28748783 3.7379999
-1.027245 -0.28166595 3.7379994
-0.98848009 -0.2684052 3.7379999
-0.91126686 -0.26534662 3.7380004
-0.88286585 -0.26680726 3.7380002
-0.84391582 -0.26615807 3.7380002
-1.0548948 -0.2369456 3.7380002
-0.96996224 -0.22666715 3.7379999
-0.91949719 -0.21530674 3.7379997
-0.87895417 -0.22795711 3.7380004
-0.83580124 -0.2369456 3.7380002
-0.95452368 -0.16953221 3.7379999
-0.92815292 -0.18053 3.7380009
-0.88542819 -0.188429 3.7379997
-0.80635703 -0.19057661 3.7380004
-0.78966415 -0.18686709 3.7380004
-1.166876 -0.10062073 3.7380002
-1.1360406 -0.10062073 3.7380002
-0.9591428 -0.14443944 3.7380002
-0.94129074 -0.14606236 3.7380002
-0.70550781 -1.5061772 3.7790003
-0.80957615 -1.4583622 3.779
-0.78819996 -1.4615498 3.779
-0.7083205 -1.4911764 3.779
-0.67663133 -1.4689877 3.7789998
-0.61854988 -1.4610577 3.7789996
-0.57874095 -1.4623098 3.7789998
-0.54362386 -1.4558619 3.7790003
-0.46268189 -1.4569558 3.779
-0.42330471 -1.4536743 3.7790003
-0.37189555 -1.4613309 3.7789998
-0.80395079 -1.4405487 3.7790003
-0.79457533 -1.4367983 3.779
-0.55456197 -1.4471114 3.7790003
-0.52448219 -1.4389079 3.7789998
-0.47334653 -1.4421892 3.7789998
-0.42403391 -1.4456528 3.7789998
-0.36642656 -1.4438299 3.779
-0.3412689 -1.4339857 3.7790003
-1.2152236 -1.307833 3.7789998
-1.1845969 -1.3355427 3.7790003
-1.3060099 -1.2666327 3.7790003
-1.289006 -1.2776703 3.7789998
-1.2111608 -1.2730391 3.7789998
-1.269504 -1.2153603 3.7789996
-1.2193164 -1.222492 3.7789996
-1.2633513 -1.1911597 3.7790003
-1.2050148 -1.1722003 3.7789998
-1.2163174 -1.1069365 3.779
-1.2167321 -1.0827594 3.7789996
-1.1911597 -1.0549803 3.7790003
-1.1747527 -1.0238065 3.7790031
-1.1439072 -1.0323385 3.779
-1.1819046 -0.97441697 3.7790008
-1.1762841 -0.92492622 3.7790031
-1.1320939 -0.91551948 3.7790003
-1.1747527 -0.87614214 3.7790027
-1.1327504 -0.86498547 3.7789998
-1.2370998 -0.84989083 3.7790003
-1.1758863 -0.82662255 3.7790024
-1.1302834 -0.82454467 3.7789996
-1.0970922 -0.80832613 3.7790003
-1.0402138 -0.84332794 3.7790003
-1.1753879 -0.77367699 3.7790029
-1.1255311 -0.77441782 3.7790027
-1.0780284 -0.76738632 3.7789998
-1.0416722 -0.76165676 3.7789998
-1.173743 -0.72595364 3.7790024
-1.1316836 -0.72437602 3.7789996
-1.0749032 -0.72050869 3.7789998
-1.0467768 -0.74160361 3.7790003
-1.1747525 -0.6759752 3.7790031
-1.1258361 -0.67421961 3.7790012
-1.0892302 -0.67474437 3.7789996
-1.171237 -0.63425392 3.7789998
-1.122107 -0.62504137 3.7790017
-1.0905291 -0.63331634 3.7789998
-1.0308877 -0.60982817 3.7789998
-1.1649084 -0.57862592 3.7789996
-1.1283917 -0.57307267 3.7790008
-1.0693367 -0.56481653 3.7789996
-1.0334581 -0.57425058 3.7789998
-0.9483338 -0.5873763 3.7790003
-1.1649083 -0.51255965 3.779
-1.1231056 -0.52716911 3.7790017
-1.0761536 -0.5250811 3.7790034
-1.0305123 -0.52474385 3.7790017
-0.99208617 -0.51080954 3.779
-1.1649083 -0.49221474 3.7790003
-1.1203746 -0.4903397 3.7789998
-1.074472 -0.47685766 3.779002
-1.0235636 -0.47580755 3.7790024
-0.98180443 -0.47274497 3.7789998
-0.92372304 -0.47580761 3.7790003
-0.89364326 -0.46049428 3.7790003
-1.1058425 -0.44955614 3.7790003
-1.0702157 -0.42830503 3.7789998
-1.0225177 -0.42787525 3.7790027
-0.97569966 -0.42578119 3.7790024
-0.92519099 -0.41536015 3.7789998
-0.89364326 -0.43971181 3.779
-1.1714711 -0.36423892 3.7790003
-1.0640042 -0.38556823 3.7789998
-1.0289632 -0.37080178 3.779
-0.96940404 -0.37891906 3.7790005
-0.92610478 -0.37344795 3.7790029
-0.87670481 -0.36442652 3.779
-0.83414006 -0.3660765 3.7789996
-1.0599024 -0.31173602 3.7790003
-1.0139625 -0.32376796 3.779
-0.97398865 -0.3111394 3.7789998
-0.9245131 -0.32449713 3.7790024
-0.87628186 -0.32500148 3.7790017
-0.83895278 -0.32361165 3.7789998
-0.7973879 -0.32486174 3.7790003
-1.0095872 -0.28603148 3.7789998
-0.97230816 -0.27718052 3.779002
-0.92637807 -0.2770125 3.7790024
-0.87278086 -0.27988201 3.7790008
-0.83379626 -0.27720287 3.7790012
-0.96966296 -0.23134094 3.7789998
-0.93217909 -0.23500103 3.7789998
-0.86602443 -0.21712142 3.7789998
-0.83194351 -0.22253457 3.779002
-0.79374188 -0.21256386 3.7789998
-0.87286085 -0.19032304 3.7790003
-0.83582759 -0.18985428 3.779
-0.78754359 -0.18129909 3.7789998
-1.1649083 -0.10172439 3.7790003
-1.1583455 -0.09516152 3.7790003
-0.72794765 -1.5096455 3.8209999
-0.85270077 -1.4631947 3.8210001
-0.83334631 -1.4615358 3.8209996
-0.77450597 -1.4721619 3.8209996
-0.72339213 -1.4789774 3.8209996
-0.67786187 -1.4660796 3.8209996
-0.6226595 -1.4617199 3.8209996
-0.57778895 -1.4608247 3.8209996
-0.54413593 -1.4565588 3.8210001
-0.46948311 -1.4565588 3.8210001
-0.42137352 -1.4590473 3.8209996
-0.37552619 -1.4625915 3.8209996
-0.9190588 -1.4366516 3.8210001
-0.82173377 -1.4396006 3.8209996
-0.78700638 -1.4426235 3.8209996
-0.67397648 -1.4459414 3.8209996
-0.62092161 -1.4409174 3.8209996
-0.57711977 -1.4428967 3.8209996
-0.52879059 -1.4407988 3.8209994
-0.46955523 -1.4401134 3.8209996
-0.42222053 -1.4329811 3.8209994
-0.38254181 -1.4339477 3.8209994
-0.34506178 -1.4399694 3.8210001
-1.1659108 -1.3530402 3.8209996
-1.1363815 -1.3597867 3.8209996
-1.2077162 -1.3205249 3.8209996
-1.1768874 -1.3252254 3.8209996
-1.1266404 -1.3238426 3.8209996
-1.317207 -1.2939818 3.8210001
-1.2077162 -1.2740743 3.8209994
-1.177855 -1.2690589 3.8209994
-1.1311678 -1.2731261 3.8209996
-1.2077162 -1.2243057 3.8209996
-1.1745373 -1.2243054 3.8209996
-1.1351206 -1.2266947 3.8209994
-1.2077162 -1.1745372 3.8209994
-1.1840329 -1.1735075 3.8209994
-1.1221145 -1.1729887 3.8209996
-1.081636 -1.1911267 3.8210001
-1.2077162 -1.1247687 3.8209996
-1.1756016 -1.1238923 3.8209994
-1.1279287 -1.120029 3.8209996
-1.0811621 -1.1114972 3.8209999
-1.2073475 -1.0864285 3.8209996
-1.1732508 -1.0808911 3.8209994
-1.1247686 -1.0745777 3.8209994
-1.0829121 -1.0754253 3.8209996
-1.0401622 -1.0866128 3.8210001
-1.1551827 -1.0208079 3.8209996
-1.1323527 -1.0271277 3.8209996
-1.0949075 -1.0451391 3.8210001
-1.1632172 -0.97858566 3.8209996
-1.1250145 -0.974603 3.8209994
-1.0856174 -0.98187762 3.8209996
-1.1561781 -0.92569464 3.8209996
-1.1236147 -0.92583901 3.8209996
-1.0707773 -0.91362941 3.8209996
-1.0413473 -0.91242301 3.8209999
-1.1553954 -0.8766917 3.8209996
-1.1210822 -0.87747431 3.8209996
-1.0753688 -0.87629473 3.8209996
-1.0306765 -0.87396938 3.8209996
-0.99426454 -0.86376041 3.8210001
-1.1639801 -0.83219022 3.8209996
-1.1172675 -0.83077383 3.8209996
-1.0750002 -0.82615763 3.8209996
-1.0333661 -0.82444483 3.8209994
-1.1104763 -0.76796675 3.8209996
-1.0788156 -0.78202945 3.8209996
-1.0277954 -0.78015935 3.8209996
-0.9614259 -0.76030993 3.8209996
-0.93896616 -0.76286232 3.8209996
-1.1222806 -0.72855604 3.8209996
-1.0705209 -0.72164369 3.8209996
-1.0298479 -0.71075219 3.8209996
-0.97316611 -0.72381306 3.8209996
-0.93302906 -0.72295308 3.8209996
-1.1579477 -0.69344145 3.8210001
-1.1395149 -0.67869526 3.8209996
-1.0675348 -0.67419785 3.8209996
-1.0252316 -0.67353415 3.8209994
-0.9835735 -0.67722064 3.8209996
-0.93398929 -0.67768151 3.8209994
-1.1073496 -0.61298233 3.8209996
-1.077042 -0.62363768 3.8209996
-1.0202547 -0.62807864 3.8209996
-0.97546309 -0.62376547 3.8209994
-0.93959826 -0.62171155 3.8209996
-0.86154854 -0.60496414 3.8210001
-0.83279335 -0.60385811 3.8210001
-1.1131561 -0.58021808 3.8209994
-1.0838478 -0.58035642 3.8209996
-1.0152779 -0.57399702 3.8209996
-0.97576457 -0.57363534 3.8209994
-0.9298197 -0.57023084 3.8209996
-0.89002717 -0.56404328 3.8209996
-1.0982255 -0.52754641 3.8210001
-1.0161512 -0.52754641 3.8209996
-0.9750694 -0.52574664 3.8209994
-0.92790663 -0.52686578 3.8209996
-0.87332571 -0.51786166 3.8209996
-0.82694745 -0.51933056 3.8209996
-0.79961431 -0.50763893 3.8210001
-0.96390772 -0.47674817 3.8209994
-0.92685598 -0.47578713 3.8209996
-0.87550384 -0.47458065 3.8209994
-0.82700467 -0.47417766 3.8209994
-0.79961437 -0.47777784 3.8209999
-0.95754653 -0.43862659 3.8209996
-0.92569476 -0.42890605 3.8209996
-0.87517691 -0.42404911 3.8209994
-0.82615751 -0.42469135 3.8209996
-0.79961431 -0.41141981 3.8210001
-0.90910506 -0.39483032 3.8210001
-0.87482011 -0.38893187 3.8209996
-0.82153249 -0.37713474 3.8209994
-0.79961437 -0.37492293 3.8209999
-0.86312848 -0.32942027 3.8209999
-0.82071275 -0.32677075 3.8209996
-0.79961437 -0.32515436 3.8209996
-0.81580555 -0.27405873 3.8209994
-0.79961437 -0.27538586 3.8209999
-0.81554037 -0.23645581 3.8209996
-0.78426898 -0.21981099 3.8209994
-0.74652791 -0.22229941 3.8210001
-0.86486644 -0.19354427 3.8209999
-0.77272183 -0.18562786 3.8209996
-0.73104441 -0.16755405 3.8209996
-0.59390444 -0.14930558 3.8210001
-1.1878088 -0.096219152 3.8210001
-0.77018023 -1.5144335 3.8639998
-0.74150801 -1.5288711 3.8640001
-0.91262531 -1.452819 3.8640001
-0.86751586 -1.4602751 3.8640001
-0.82538909 -1.452819 3.8640001
-0.77026725 -1.4643229 3.8639991
-0.72966611 -1.4662399 3.8639989
-0.6705687 -1.4556949 3.8640003
-0.63190353 -1.4617662 3.8640001
-0.57240397 -1.4555032 3.8640001
-0.52341747 -1.452819 3.8640001
-0.49657553 -1.452819 3.8640001
-0.37131327 -1.455056 3.8640001
-0.92940152 -1.4444308 3.8640001
-0.85692835 -1.4353718 3.8640001
-0.8280254 -1.4322078 3.8639991
-0.78125477 -1.4404306 3.8639998
-0.71506089 -1.4382137 3.8639994
-0.67507428 -1.4397335 3.8639991
-0.62359542 -1.4314893 3.8639991
-0.5753566 -1.436177 3.8639989
-0.52543062 -1.4359084 3.8639989
-0.47476646 -1.4340857 3.8639991
-0.42947078 -1.4199375 3.8639991
-0.37066576 -1.4355129 3.8639991
-0.34558973 -1.4427533 3.8640001
-1.1202774 -1.3703049 3.8639989
-1.084011 -1.3669245 3.8639989
-1.1719854 -1.3179384 3.8639991
-1.1164562 -1.3230832 3.8639991
-1.090453 -1.3325467 3.8639998
-1.2078865 -1.2884121 3.8640001
-1.1760118 -1.2928858 3.8639998
-1.1228873 -1.2856162 3.8639991
-1.0954859 -1.2934451 3.8640001
-1.1797024 -1.2072153 3.8640001
-1.1233764 -1.2206784 3.8639989
-1.0855085 -1.2179523 3.8639991
-1.172067 -1.1798657 3.8639989
-1.1228551 -1.1704034 3.8639989
-1.0901175 -1.176347 3.8639991
-1.1508473 -1.1407816 3.8640001
-1.1245025 -1.1322072 3.8639989
-1.0737728 -1.1241971 3.8639989
-1.0421375 -1.1146109 3.8640001
-1.1172949 -1.0501902 3.8640001
-1.0680847 -1.0714401 3.8639989
-1.0390061 -1.0787097 3.8639998
-1.122328 -1.029819 3.8639991
-1.0740124 -1.0166378 3.8639991
-1.0244668 -1.0155194 3.8640001
-1.1065582 -0.96161187 3.8640001
-1.0719991 -0.97301978 3.8639989
-1.0193219 -0.97464925 3.8639989
-0.98500264 -0.96774721 3.8639991
-1.1063905 -0.93862844 3.8640001
-1.0759137 -0.94114506 3.8639991
-1.0283812 -0.92125326 3.8639991
-0.98084855 -0.94841456 3.8640001
-1.0159314 -0.87713039 3.8639991
-0.98430538 -0.8793779 3.8639991
-1.019401 -0.82519186 3.8639994
-0.95959866 -0.80190241 3.8640001
-1.0501902 -0.75492901 3.8640001
-1.0171006 -0.76881284 3.8639989
-0.9836446 -0.78260982 3.8639991
-0.93163842 -0.77394205 3.8639994
-0.86677027 -0.78177094 3.8640001
-0.84216529 -0.78177094 3.8640001
-1.0518678 -0.7431857 3.8640001
-1.0279939 -0.73660427 3.8639991
-0.98392403 -0.70795572 3.8640001
-0.921166 -0.72381687 3.8639991
-0.8645336 -0.71019256 3.8640001
-1.0032167 -0.67943609 3.8640001
-0.97894055 -0.67756116 3.8639989
-0.92841482 -0.66887695 3.8639989
-0.87124407 -0.65539026 3.8640001
-0.83928943 -0.66098237 3.8640003
-0.92209888 -0.6280219 3.8639989
-0.87333167 -0.62683332 3.8639989
-0.84526259 -0.62020326 3.8639998
-0.91443199 -0.58716708 3.8639998
-0.87526011 -0.57527119 3.8639989
-0.83229679 -0.57118028 3.8639989
-0.78848141 -0.56032509 3.8640001
-0.96071708 -0.51558852 3.8640001
-0.92269123 -0.52677274 3.8639991
-0.88242817 -0.53725773 3.8639994
-0.81887603 -0.53466743 3.8639994
-0.7828446 -0.52059913 3.8639989
-0.80637604 -0.47979933 3.8640001
-0.77933079 -0.49444041 3.8639998
-0.80525768 -0.42611551 3.8640001
-0.77356923 -0.40822083 3.8640001
-0.73852563 -0.41045767 3.8640001
-0.80190241 -0.37626621 3.8640003
-0.77420372 -0.3777144 3.8639987
-0.73873138 -0.37705955 3.8639989
-0.53851604 -0.36236593 3.8640001
-0.80190241 -0.32545829 3.8640003
-0.77723688 -0.32164967 3.8639989
-0.73243994 -0.32219371 3.8639989
-0.80190235 -0.27512971 3.8640001
-0.77506036 -0.27512974 3.8639989
-0.72911954 -0.27745262 3.8639989
-0.80190247 -0.23822205 3.8640001
-0.77351183 -0.22634967 3.8639989
-0.73238873 -0.22325248 3.8639989
-0.76259822 -0.19412462 3.8640003
-0.71965998 -0.18094893 3.8639987
-0.69148457 -0.17233734 3.8639998
-0.617737 -0.15844189 3.8640001
-0.61624575 -0.13756485 3.8640001
-0.74184388 -1.5605862 3.9070003
-0.77011532 -1.5436233 3.9070003
-0.95670712 -1.4588088 3.9070003
-0.92278135 -1.4593742 3.9070005
-0.88659382 -1.465217 3.9070008
-0.76333016 -1.4581302 3.9070003
-0.74749815 -1.4576778 3.9070003
-1.1132504 -1.405012 3.9070003
-1.0750483 -1.4075209 3.9070008
-1.0433722 -1.412238 3.9070005
-0.95331454 -1.4418459 3.9070003
-0.92528892 -1.4406657 3.9070001
-0.87847215 -1.4321826 3.9069996
-0.82283074 -1.4272314 3.9069998
-0.78562427 -1.4457232 3.9070003
-0.73085839 -1.438938 3.9070008
-0.66833794 -1.4395841 3.9070003
-0.62762707 -1.4278516 3.9070008
-0.57227439 -1.4314895 3.9070005
-0.52977794 -1.433275 3.9070005
-0.47417811 -1.4314072 3.9070008
-0.42859572 -1.4199826 3.9070003
-0.37205279 -1.435626 3.9070005
-0.3405627 -1.4303633 3.9070008
-1.1195509 -1.3943497 3.9070003
-1.0702907 -1.3753514 3.9069998
-1.0434601 -1.3885339 3.9070003
-1.1053021 -1.3251412 3.9070003
-1.0906141 -1.3288929 3.9070008
-1.1176661 -1.2748555 3.9069993
-1.0798655 -1.2723745 3.9069991
-1.0437833 -1.2676935 3.9070003
-1.1138966 -1.2450764 3.9070003
-1.0760373 -1.2256056 3.9070001
-1.0415215 -1.231506 3.9070003
-1.1093731 -1.1772248 3.9070003
-1.0739396 -1.1743603 3.9069991
-1.0452225 -1.1667386 3.9070005
-1.0686622 -1.1263361 3.9070003
-1.0377898 -1.1219258 3.9070003
-0.96688485 -1.1365139 3.9070003
-1.1093731 -1.0584844 3.9070003
-1.0754474 -1.0584846 3.9070008
-1.0276498 -1.0731857 3.9069991
-0.99131149 -1.0605201 3.9070003
-1.1093731 -1.039583 3.9070003
-1.0686622 -1.0319721 3.9069996
-1.025407 -1.027386 3.9069991
-0.98642606 -1.0219803 3.9069998
-1.058 -0.9823938 3.9070003
-1.025528 -0.95913053 3.9070008
-0.97070146 -0.97388202 3.9069993
-0.93269813 -0.96688503 3.9069998
-1.0165619 -0.93392831 3.9069998
-0.97472543 -0.92783266 3.9069991
-0.93696856 -0.93110859 3.9070003
-1.0180346 -0.85988802 3.9070008
-0.96759915 -0.87278545 3.9069993
-0.92802447 -0.85462129 3.9070005
-0.89564073 -0.85492975 3.9070003
-1.0109884 -0.83050317 3.9070003
-0.96864402 -0.82540178 3.9069996
-0.93567318 -0.82473582 3.9070003
-0.87615752 -0.81567276 3.9069993
-0.84305573 -0.80912995 3.9070003
-0.91850376 -0.7777856 3.9070001
-0.87563127 -0.77496141 3.9069989
-0.84249026 -0.78142387 3.9070003
-0.91504622 -0.72289056 3.9069998
-0.87586999 -0.72566092 3.9069986
-0.8359713 -0.71623319 3.9070008
-0.91208166 -0.68295217 3.9070008
-0.87647259 -0.68089044 3.9069993
-0.8305456 -0.67575926 3.9069993
-0.92068112 -0.6208418 3.9070003
-0.87528527 -0.63441217 3.9070003
-0.82954383 -0.62294763 3.9069996
-0.8832013 -0.56656063 3.9070003
-0.81500173 -0.57438964 3.9070008
-0.79386336 -0.55638283 3.9070003
-0.80856454 -0.54394341 3.9070003
-0.7718116 -0.52471876 3.9070005
-0.74975985 -0.51227933 3.9070003
-0.80791831 -0.46866047 3.9070003
-0.78316361 -0.49088004 3.9070008
-0.71244144 -0.45121294 3.9070003
-0.69547856 -0.45121294 3.9070003
-0.80694902 -0.43570402 3.9070003
-0.78629524 -0.42250657 3.9070008
-0.71715337 -0.42482632 3.9069993
-0.68417007 -0.42482629 3.9069996
-0.80743366 -0.37657622 3.9070003
-0.78623003 -0.36894292 3.9070001
-0.72056305 -0.376165 3.9069996
-0.67905134 -0.37621909 3.9070005
-0.64119732 -0.37883794 3.9070003
-0.55299026 -0.36300591 3.9070003
-0.54394341 -0.38109967 3.9070003
-0.80404109 -0.34265041 3.9070003
-0.77443314 -0.34079993 3.9070005
-0.7130698 -0.3325983 3.9069996
-0.67825472 -0.32507858 3.9069993
-0.64119732 -0.34943557 3.9070003
-0.55977541 -0.33925784 3.9070003
-0.70940602 -0.27051347 3.9070005
-0.67934096 -0.27479881 3.9069993
-0.63554305 -0.25557426 3.9070003
-0.71281838 -0.22918755 3.9070008
-0.67553031 -0.22255309 3.9069989
-0.63347626 -0.22870655 3.9069996
-0.67449194 -0.17396823 3.9069991
-0.63519508 -0.17223862 3.9069998
-0.66494536 -0.14022659 3.9070003
-0.64204544 -0.13994387 3.9070001
-0.80193883 -1.6108209 3.9980001
-0.78110933 -1.6092429 3.9980009
-0.76972574 -1.5865705 3.9750001
-1.0809709 -1.4515893 3.9520001
-1.0145956 -1.4714519 3.985455
-0.98192543 -1.4639016 3.9547062
-0.89566153 -1.4962009 3.9520001
-0.80418873 -1.4530942 3.9750001
-0.7736057 -1.4571235 3.9741497
-0.71379203 -1.4558476 3.9750004
-0.68862277 -1.4521914 3.9612
-0.50738889 -1.4530942 3.9750001
-1.1160499 -1.4325248 3.9520001
-1.0798271 -1.4390067 3.9520001
-1.0234231 -1.4235858 3.9530222
-0.97421712 -1.4247117 3.9675581
-0.92780799 -1.4256632 3.9809628
-0.87583637 -1.4190363 3.9786806
-0.82676852 -1.4287714 3.9741488
-0.77995741 -1.444465 3.9749999
-0.72298419 -1.4378726 3.9896376
-0.67524081 -1.4356638 3.9826677
-0.62169272 -1.4237883 3.9715743
-0.57940143 -1.4320884 3.9840622
-0.52044761 -1.4329897 3.9853508
-0.47694468 -1.4264174 3.9847314
-0.42621052 -1.4249785 3.9865005
-0.37547624 -1.4329141 3.9816456
-0.33837572 -1.4219544 3.9663751
-1.0648206 -1.3692675 3.9579368
-1.0240841 -1.3733829 3.965142
-0.97767502 -1.3761129 3.9858232
-0.9294669 -1.3726977 3.9980006
-0.83665484 -1.3643376 3.9980001
-0.46172237 -1.3973178 3.9980001
-0.43394959 -1.396739 3.9980006
-1.0717943 -1.3272264 3.9529581
-1.0233194 -1.3236558 3.9654825
-0.97631979 -1.3238027 3.9927933
-0.93222582 -1.3271714 3.9980006
-0.89393616 -1.3365648 3.9980001
-1.0635006 -1.2715837 3.9520009
-1.0256356 -1.2730007 3.9519997
-0.97826719 -1.2745878 3.9843707
-0.93128073 -1.2695131 3.9980006
-0.87831396 -1.2590324 3.9980006
-0.84359801 -1.2532464 3.9980001
-1.0655284 -1.2233844 3.9520011
-1.0260643 -1.2251004 3.9519994
-0.97493106 -1.2254651 3.9685898
-0.92252558 -1.2257652 3.9879034
-0.87545502 -1.2237039 3.9980009
-0.8407051 -1.2225807 3.9980009
-1.0741075 -1.1930716 3.9520004
-1.0260644 -1.177057 3.9519994
-0.97586137 -1.1766621 3.9528842
-0.92321956 -1.174944 3.9710345
-0.87425292 -1.1776575 3.9980009
-0.8401264 -1.1768713 3.9980011
-1.0195531 -1.1288379 3.9520006
-0.97467738 -1.1246881 3.9569528
-0.92828131 -1.1250581 3.9849553
-0.87542105 -1.1237558 3.9980011
-0.84099424 -1.1378157 3.9980006
-1.0131956 -1.0835445 3.9519999
-0.9738192 -1.0746558 3.9529581
-0.92696708 -1.0749635 3.9715505
-0.87435865 -1.0723553 3.9874589
-0.84128368 -1.0599942 3.9980006
-0.9664064 -1.0271205 3.9520006
-0.92311478 -1.0260644 3.9519994
-0.87440419 -1.0247842 3.9796007
-0.84012645 -1.024121 3.9980011
-0.96429461 -0.99861115 3.9520001
-0.91606593 -0.97598094 3.9520009
-0.87336135 -0.97411215 3.9685898
-0.84039354 -0.97445059 3.9980009
-0.9615494 -0.91281986 3.9520001
-0.92072058 -0.92119926 3.9520001
-0.87458104 -0.92360771 3.9529195
-0.84027296 -0.92242229 3.9667208
-1.0102787 -0.8688947 3.9520001
-0.96693444 -0.87982321 3.9520001
-0.92272264 -0.88036621 3.9520011
-0.87507153 -0.87507176 3.9519994
-0.83581394 -0.8723985 3.968612
-0.74639338 -0.85748434 3.9980001
-1.0054744 -0.84075516 3.9520004
-0.97696537 -0.83758748 3.9520001
-0.92406148 -0.82939506 3.9520013
-0.870848 -0.84392273 3.9520001
-0.83217359 -0.8274923 3.9688294
-0.74639332 -0.8401264 3.9980001
-0.66307497 -0.80541044 3.9980001
-0.64918858 -0.80193883 3.9980001
-0.48602355 -0.81929684 3.9980001
-0.92997807 -0.79614365 3.9520001
-0.87507164 -0.77212203 3.9520001
-0.82547241 -0.77449852 3.9764373
-0.77611893 -0.77091151 3.9980009
-0.7311182 -0.75958532 3.9980009
-0.66307497 -0.79152405 3.9980001
-0.63476807 -0.78271163 3.9980009
-0.58322829 -0.76375127 3.9980001
-0.54504067 -0.75333649 3.9980001
-0.86134505 -0.74466884 3.9520004
-0.81966043 -0.72739297 3.976409
-0.77598453 -0.72308397 3.9980009
-0.72965848 -0.72520769 3.9980009
-0.8138026 -0.67778128 3.9750013
-0.77602291 -0.67676193 3.9943933
-0.72875392 -0.67283303 3.9980009
-0.68390465 -0.65960336 3.9980009
-0.57003623 -0.66168636 3.9980004
-0.82140279 -0.62758666 3.9548767
-0.77661741 -0.62504637 3.974323
-0.72594249 -0.62532938 3.9980006
-0.67818654 -0.62427491 3.9980009
-0.62141585 -0.60157812 3.9980006
-0.56664181 -0.61717272 3.9980006
-0.81330186 -0.58681273 3.9520001
-0.77417862 -0.57450211 3.9657998
-0.72556382 -0.57281369 3.9980006
-0.67735457 -0.57323074 3.9970808
-0.62753248 -0.57545865 3.9980009
-0.56830764 -0.57824874 3.996001
-0.75965953 -0.5275929 3.957309
-0.72726876 -0.52349907 3.9935777
-0.67696124 -0.52421099 3.9980006
-0.6415146 -0.52859622 3.9980006
-0.56760609 -0.52212816 3.9980009
-0.80937999 -0.46523416 3.9520001
-0.77364874 -0.47461519 3.9645445
-0.72518307 -0.47770363 3.9743793
-0.67705458 -0.47315994 3.9812737
-0.62419307 -0.47324812 3.9980006
-0.57264411 -0.47510061 3.9980006
-0.80643857 -0.44611496 3.9520001
-0.77579111 -0.44170007 3.9607627
-0.73265797 -0.43753579 3.9520001
-0.66704839 -0.42586687 3.9649389
-0.62416822 -0.42249978 3.958075
-0.57336789 -0.42525148 3.9837823
-0.70923209 -0.38256451 3.956182
-0.67284912 -0.37919781 3.9520016
-0.62187052 -0.37381965 3.9680998
-0.57600272 -0.37786928 3.9612012
-0.5456329 -0.39464015 3.9520001
-0.66974437 -0.32943875 3.9520011
-0.62346673 -0.32482189 3.9574566
-0.58088535 -0.32881483 3.9520009
-0.7172156 -0.25051069 3.9520001
-0.66497821 -0.27910781 3.9520001
-0.62068313 -0.27755406 3.9557695
-0.58908951 -0.29279563 3.9673336
-0.71447027 -0.23129344 3.9520001
-0.67946738 -0.23792797 3.9520001
-0.62193674 -0.22043326 3.9520013
-0.68289906 -0.15785605 3.9520001
-0.62505126 -0.1907019 3.9520001
-0.68609446 -0.14824812 3.9704003
-0.80785394 -1.6192203 4.0450001
-0.78482813 -1.6309285 4.0450001
-0.81136632 -1.5981458 4.0450001
-0.81277126 -1.4520296 4.0450001
-0.78279877 -1.4567128 4.0449996
-0.55496049 -1.4541371 4.0450001
-0.39690214 -1.4506247 4.0450001
-0.91457713 -1.4122585 4.0449996
-0.87348068 -1.4114337 4.0449991
-0.82822579 -1.4320089 4.0449991
-0.7718519 -1.4318919 4.0449991
-0.72823912 -1.42233 4.0449986
-0.68098563 -1.4242114 4.0449986
-0.62794065 -1.4160209 4.0449986
-0.56840456 -1.4266434 4.0449986
-0.52479517 -1.4155002 4.0449986
-0.47885838 -1.4066026 4.0449996
-0.42184025 -1.4098809 4.0449991
-0.37875473 -1.4254525 4.0449991
-0.33758143 -1.4279891 4.0450001
-0.9075523 -1.3803767 4.0449996
-0.87568742 -1.3704978 4.0449986
-0.8464905 -1.3721809 4.0450001
-0.62872112 -1.3944261 4.0450001
-0.51866567 -1.3932555 4.0450001
-0.47736824 -1.3918718 4.0449996
-0.43553865 -1.3944261 4.0450001
-0.95888752 -1.3031036 4.0450001
-0.91863728 -1.3219001 4.0449986
-0.87458962 -1.3237296 4.0449982
-0.84649044 -1.324178 4.0450001
-0.91322613 -1.2904589 4.0449996
-0.87242836 -1.282029 4.0449991
-0.84414881 -1.2703211 4.0450001
-0.82919866 -1.2266409 4.0449991
-0.89004433 -1.169632 4.0450001
-0.83829486 -1.1801693 4.0450001
-0.85936928 -1.1274831 4.0450001
-0.84247625 -1.1254761 4.0450001
-0.77285093 -1.1211852 4.0449986
-0.73760581 -1.116946 4.0450001
-0.86154354 -1.0863378 4.0450001
-0.82274002 -1.071452 4.0449986
-0.77783889 -1.0747973 4.0449986
-0.72847366 -1.0807681 4.0449991
-0.82247549 -1.0216205 4.0449986
-0.77713895 -1.0216625 4.0449982
-0.73576611 -1.0170932 4.0449991
-0.82190377 -0.97293711 4.0449986
-0.777179 -0.97246885 4.0449986
-0.7365728 -0.97459018 4.0449991
-0.69194448 -0.95888752 4.0450001
-0.60062182 -0.95186269 4.0450001
-0.58832848 -0.95361888 4.0450001
-0.82565033 -0.92774409 4.0449991
-0.77468127 -0.92532462 4.0449986
-0.73058099 -0.91790938 4.0449991
-0.6807766 -0.92250258 4.0449986
-0.61320806 -0.91849482 4.0449991
-0.58188903 -0.92259258 4.0449991
-0.81738776 -0.87609518 4.0449991
-0.77738577 -0.87458962 4.0449986
-0.72751671 -0.87384224 4.0449982
-0.66384512 -0.87458986 4.0449991
-0.63665235 -0.8775357 4.0449986
-0.57603502 -0.89566416 4.0450001
-0.48822477 -0.85351527 4.0450001
-0.8154642 -0.82775772 4.0449991
-0.77608603 -0.82635272 4.0449986
-0.72706831 -0.82541615 4.0449982
-0.6793316 -0.82717228 4.0449986
-0.63164812 -0.82248914 4.0449986
-0.57090145 -0.81433845 4.0449991
-0.51780295 -0.81654245 4.0449991
-0.49173719 -0.83946562 4.0450001
-0.77323163 -0.78259808 4.0449991
-0.7236563 -0.7810595 4.0449986
-0.6780411 -0.77580327 4.0449986
-0.62349343 -0.7734651 4.0449986
-0.57327002 -0.77684003 4.0449982
-0.53529102 -0.78010595 4.0449991
-0.77483732 -0.74673802 4.0450001
-0.71442378 -0.7256636 4.0449991
-0.67789471 -0.72706831 4.0449982
-0.62565583 -0.7270686 4.0449982
-0.57411939 -0.72866488 4.0449986
-0.54442328 -0.74111819 4.0450001
-0.76921743 -0.67087001 4.0450001
-0.71828759 -0.69194448 4.0449996
-0.67488402 -0.68391591 4.0449986
-0.62520874 -0.67789489 4.0449986
-0.57693827 -0.6780954 4.0449986
-0.66384518 -0.63510734 4.0449996
-0.62561411 -0.62993705 4.0449986
-0.58745039 -0.63486785 4.0449991
-0.65682036 -0.57603502 4.0450001
-0.61186165 -0.56339025 4.0449991
-0.5862025 -0.57030421 4.0449991
-0.71301889 -0.52334887 4.0450001
-0.67087001 -0.50227439 4.0450001
-0.62185252 -0.52241248 4.0449986
-0.58387035 -0.53253514 4.0449996
-0.67438245 -0.4952496 4.0450001
-0.61186153 -0.47417518 4.0450001
-0.57252258 -0.47417516 4.0450001
-0.77834535 -1.6668675 4.0930004
-0.81744033 -1.6277726 4.0930004
-0.79966992 -1.6313266 4.0930004
-0.88101906 -1.4133426 4.0930009
-0.83165669 -1.4310282 4.0930018
-0.7791816 -1.4297889 4.0930014
-0.72486478 -1.4113115 4.0930018
-0.67423153 -1.4210082 4.0930014
-0.620673 -1.4154965 4.0930009
-0.57146007 -1.4165851 4.0930014
-0.52718985 -1.4050497 4.0930004
-0.46380854 -1.403865 4.0930004
-0.41760537 -1.4109731 4.0930014
-0.37070689 -1.4171543 4.0930018
-0.33828461 -1.4264818 4.0930009
-0.88378334 -1.3890562 4.0930014
-0.8401556 -1.3735778 4.0930018
-0.77834535 -1.3754323 4.0930004
-0.74991268 -1.3967568 4.0930004
-0.55088371 -1.3967568 4.0930004
-0.52245104 -1.3967569 4.0930004
-0.47111416 -1.3951772 4.0930009
-0.43715286 -1.3967569 4.0930004
-0.35185474 -1.3932027 4.0930004
-0.34474659 -1.3932027 4.0930004
-0.85831237 -1.3398914 4.0930004
-0.84231889 -1.3270079 4.0930014
-0.83284146 -1.2755793 4.0930018
-0.77408046 -1.2545933 4.0930004
-0.73569632 -1.2545933 4.0930004
-0.81862521 -1.2216849 4.0930018
-0.78474271 -1.220474 4.0930018
-0.82699686 -1.1764035 4.0930018
-0.78111917 -1.1744958 4.0930018
-0.74991268 -1.1550788 4.0930004
-0.82892919 -1.1286298 4.0930018
-0.7653138 -1.1325696 4.0930004
-0.73087299 -1.1228383 4.0930018
-0.69304723 -1.1195378 4.0930004
-0.8352108 -1.095844 4.0930004
-0.76705599 -1.0810701 4.0930014
-0.72266465 -1.0753658 4.0930018
-0.67398441 -1.0659037 4.0930018
-0.63618183 -1.0591185 4.0930004
-0.760575 -1.0318704 4.0930004
-0.71629292 -1.0280921 4.0930018
-0.67339522 -1.0384209 4.0930014
-0.62524623 -1.0298656 4.0930018
-0.59353274 -1.0164692 4.0930004
-0.76615989 -0.98448253 4.0930004
-0.72056872 -0.97700959 4.0930018
-0.67172265 -0.97141242 4.0930018
-0.6205439 -0.97424674 4.0930018
-0.57682854 -0.972754 4.0930018
-0.8189038 -0.92050904 4.0930014
-0.79966992 -0.91340077 4.0930004
-0.72887242 -0.93245053 4.0930018
-0.66162163 -0.93098408 4.0930014
-0.63074613 -0.93305272 4.0930014
-0.56564695 -0.93144459 4.0930014
-0.70452964 -0.88278085 4.0930014
-0.68949312 -0.88141394 4.0930014
-0.62584269 -0.87850618 4.0930009
-0.57220823 -0.88022923 4.0930004
-0.50645763 -0.85831237 4.0930004
-0.49401829 -0.87075168 4.0930004
-0.61384183 -0.836734 4.0930014
-0.56962347 -0.84167278 4.0930009
-0.5315901 -0.83317977 4.0930014
-0.53666735 -0.79611582 4.0930004
-0.6077491 -0.73569632 4.0930004
-0.56510013 -0.71640271 4.0930004
-0.85959619 -1.4350581 4.1420002
-0.82639652 -1.4242685 4.1419992
-0.77554852 -1.4184002 4.1419992
-0.71953887 -1.4122092 4.1419992
-0.67531139 -1.4162184 4.1419992
-0.61940342 -1.4162931 4.1419992
-0.5796119 -1.4167982 4.1419997
-0.52510899 -1.406285 4.1420002
-0.48123002 -1.4062849 4.1420002
-0.42407617 -1.4115165 4.1419997
-0.37970212 -1.4139923 4.1419997
-0.33768424 -1.4190731 4.1420002
-0.85959619 -1.3559321 4.1420002
-0.82319409 -1.3757682 4.1419988
-0.77708507 -1.3787811 4.1419992
-0.5193544 -1.3947757 4.1419997
-0.47508302 -1.3945143 4.1419997
-0.4315964 -1.3972933 4.1420002
-0.36685693 -1.3954951 4.1420002
-0.3416805 -1.3990917 4.1420002
-0.85240293 -1.3127724 4.1420002
-0.82237899 -1.3279408 4.1419988
-0.79093313 -1.3225814 4.1419997
-0.81301111 -1.2846843 4.1419992
-0.77277505 -1.2773079 4.1419988
-0.73119628 -1.2667356 4.1419992
-0.67257112 -1.2552263 4.1420002
-0.76356602 -1.2250146 4.1419992
-0.7244122 -1.2276934 4.1419988
-0.67306721 -1.2229805 4.1419988
-0.6409207 -1.2106279 4.1420002
-0.8236298 -1.1832935 4.1420002
-0.75649261 -1.1844923 4.1419997
-0.72421503 -1.1772066 4.1419988
-0.67292202 -1.1729423 4.1419983
-0.63506329 -1.1802107 4.1419997
-0.7140708 -1.1412406 4.1419997
-0.67257112 -1.1257477 4.1419983
-0.64379799 -1.1473272 4.1420002
-0.5862518 -1.1113608 4.1420002
-0.7049408 -1.0969743 4.1420002
-0.67496884 -1.0873832 4.1419992
-0.62067676 -1.0743668 4.1419992
-0.5898484 -1.0574112 4.1420002
-0.70673913 -1.0250415 4.1420002
-0.67453301 -1.0230796 4.1419988
-0.62731344 -1.0250416 4.1419992
-0.57795191 -1.0172949 4.1419992
-0.52918518 -1.0135323 4.1419997
-0.4999325 -1.0070584 4.1420002
-0.66298002 -0.99626845 4.1420002
-0.63100994 -0.9906736 4.1420002
-0.56202185 -0.98074615 4.1419992
-0.52810621 -0.98248124 4.1419992
-0.48734424 -0.96479791 4.1419992
-0.61382604 -0.90515363 4.1420002
-0.56809735 -0.91474479 4.1419992
-0.52510893 -0.91354573 4.1420002
-0.4882434 -0.91669285 4.1419992
-0.61449212 -0.87717968 4.1419988
-0.57150555 -0.8772195 4.1419988
-0.53034043 -0.87757927 4.1419992
-0.49417788 -0.89124662 4.1420002
-0.81404835 -1.4262393 4.1920013
-0.77484608 -1.4096715 4.1920013
-0.7243706 -1.4087009 4.1920009
-0.67371321 -1.4108243 4.1920013
-0.6211831 -1.4099671 4.1920009
-0.57599515 -1.4107809 4.1920009
-0.53217584 -1.4050608 4.1920009
-0.47757503 -1.4057888 4.1920009
-0.42042616 -1.4100658 4.1920009
-0.38168558 -1.4087007 4.1920013
-0.33609831 -1.4111274 4.1920009
-0.80627191 -1.3814003 4.1920004
-0.7722373 -1.370298 4.1920009
-0.7243706 -1.3722998 4.1920009
-0.68353879 -1.3783143 4.1920009
-0.6205079 -1.3749696 4.1920013
-0.56888837 -1.3712602 4.1920013
-0.52974916 -1.3732712 4.1920013
-0.4752644 -1.3855941 4.1920009
-0.43290639 -1.3785404 4.1920013
-0.37492549 -1.3941405 4.1920009
-0.34216502 -1.3941405 4.1920004
-0.77113134 -1.3305794 4.1920013
-0.72437072 -1.3249789 4.1920009
-0.67499256 -1.3153255 4.1920009
-0.62589759 -1.3148254 4.1920009
-0.56542164 -1.3298328 4.1920009
-0.53630126 -1.3318551 4.1920009
-0.77047795 -1.2582452 4.1920004
-0.71658832 -1.2796669 4.1920009
-0.67172992 -1.281019 4.1920009
-0.62910515 -1.276619 4.1920009
-0.53963792 -1.2658286 4.1920009
-0.76513922 -1.2354342 4.1920009
-0.72522706 -1.2271264 4.1920009
-0.67041212 -1.2266979 4.1920009
-0.62041742 -1.2285602 4.1920009
-0.58733332 -1.2228439 4.1920009
-0.54236794 -1.2485384 4.1920004
-0.72291464 -1.1859294 4.1920009
-0.66612977 -1.1830175 4.1920004
-0.6209932 -1.1744429 4.1920013
-0.57680082 -1.1731795 4.1920009
-0.53930271 -1.1711394 4.1920009
-0.4841271 -1.1538969 4.1920004
-0.6515696 -1.1272032 4.1920009
-0.6211549 -1.1265564 4.1920013
-0.57468444 -1.1247766 4.1920009
-0.5324406 -1.1234527 4.1920009
-0.48412716 -1.1220803 4.1920009
-0.44772658 -1.1344833 4.1920004
-0.60497689 -1.091288 4.1920009
-0.57474536 -1.0734328 4.1920009
-0.52829313 -1.0726837 4.1920013
-0.47878844 -1.0709037 4.1920013
-0.44044647 -1.0519755 4.1920004
-0.56487006 -1.0347681 4.1920013
-0.52234769 -1.0315913 4.1920009
-0.47730204 -1.0231582 4.1920013
-0.43538207 -1.020323 4.1920009
-0.5598402 -0.96170217 4.1920009
-0.52670473 -0.96593785 4.1920009
-0.47310302 -0.97251815 4.1920009
-0.43377304 -0.97978103 4.1920013
-0.55692816 -0.93549371 4.1920004
-0.53016317 -0.92564422 4.1920009
-0.48574489 -0.92983139 4.1920009
-0.52052766 -0.89909321 4.1920004
-0.66686529 -1.4037329 4.243
-0.60545963 -1.4061892 4.243
-0.58212554 -1.4061892 4.243
-0.40773344 -1.4086454 4.243
-0.370276 -1.404654 4.243
-0.32954359 -1.4201078 4.243
-0.70370865 -1.3558366 4.243
-0.67081904 -1.3719221 4.2429976
-0.62068826 -1.3691002 4.2429986
-0.58120441 -1.3751793 4.2429991
-0.51107049 -1.3684686 4.243
-0.47766951 -1.3686821 4.2429981
-0.42562124 -1.3720155 4.2429991
-0.37001285 -1.3886447 4.2429991
-0.33527482 -1.3889956 4.243
-0.67054963 -1.3447837 4.243
-0.61176038 -1.3236387 4.2429991
-0.57557559 -1.3196074 4.2429981
-0.52463269 -1.3206211 4.2429976
-0.47724459 -1.3233323 4.2429976
-0.4352783 -1.3416257 4.243
-0.60717905 -1.2799391 4.243
-0.57531506 -1.2757859 4.2429981
-0.52194804 -1.2737764 4.2429981
-0.4745239 -1.2758205 4.2429976
-0.43598005 -1.2686408 4.243
-0.56765127 -1.228464 4.2429986
-0.5265469 -1.2278254 4.2429972
-0.47480923 -1.225944 4.2429972
-0.43516132 -1.226339 4.2429986
-0.51801807 -1.1765321 4.2429986
-0.47475329 -1.1782866 4.2429976
-0.43475199 -1.1753039 4.2429986
-0.57107246 -1.1016172 4.243
-0.52686042 -1.123197 4.243
-0.46502754 -1.1240437 4.2429991
-0.43475199 -1.1237233 4.2429986
-0.57107246 -1.0942485 4.243
-0.50966686 -1.0917923 4.243
-0.47094515 -1.0842792 4.243
-0.43307728 -1.0768318 4.2429991
-0.36474952 -1.0733707 4.243
-0.34264347 -1.0942485 4.243
-0.45501581 -1.0316148 4.243
-0.41780403 -1.0284218 4.243
-0.41387403 -0.99599952 4.243
-0.32454133 -1.4548404 4.296
-0.32127726 -1.4203346 4.2960005
-0.41673452 -1.3791674 4.296001
-0.37996385 -1.3882269 4.296001
-0.32257798 -1.3874978 4.296
-0.29469845 -1.3653119 4.296
-0.45408654 -1.3269908 4.2960005
-0.43607903 -1.3253971 4.296
-0.39168781 -1.3168172 4.296
-0.4801507 -1.2763162 4.296
-0.42650449 -1.280757 4.296
-0.41813946 -1.2211843 4.2960005
-0.41485533 -1.1731001 4.296
-0.38174018 -1.1526812 4.2960005
-0.41444302 -1.1228385 4.296
-0.37531567 -1.1209732 4.296
-0.33659327 -1.1325945 4.2960005
-0.41450882 -1.0754408 4.2960005
-0.39122152 -1.079473 4.2960005
-0.41655689 -1.0357966 4.2960005
-0.32862076 -1.4013598 4.3500004
-0.41408107 -1.3720862 4.3499994
-0.38330093 -1.3812145 4.3499994
-0.32455295 -1.3839263 4.3499999
-0.29840276 -1.3711418 4.3500004
-0.4151828 -1.3255 4.3499994
-0.38473988 -1.3193398 4.3499994
-0.33113894 -1.3207785 4.3500004
-0.29840276 -1.3484783 4.3500004
-0.41413769 -1.2747463 4.349999
-0.3753213 -1.2788854 4.3499999
-0.33065471 -1.2685748 4.3499994
-0.29538098 -1.2563134 4.3500004
-0.40857255 -1.2257177 4.3499999
-0.37307605 -1.2244102 4.3499994
-0.33060881 -1.2315824 4.3499994
-0.29336643 -1.237679 4.3500004
-0.40416577 -1.1860565 4.3500004
-0.37511 -1.1787924 4.3500009
-0.33516803 -1.1711994 4.3499999
-0.40794301 -1.1369523 4.3500004
-0.39056766 -1.1339306 4.3500004
-0.35963243 -1.4040967 4.4060001
-0.41319466 -1.369664 4.4060001
-0.37157381 -1.3734897 4.4059997
-0.32741451 -1.3702682 4.4060001
-0.29267955 -1.3581862 4.4060001
-0.36463547 -1.3305223 4.4059997
-0.32148299 -1.3258302 4.4059997
-0.2945925 -1.3237534 4.4060001
-0.37795633 -1.2703925 4.4059992
-0.31481498 -1.2805756 4.4059997
-0.29204193 -1.2765676 4.4060001
-0.38003707 -1.2338454 4.4059997
-0.32035345 -1.221475 4.4059992
-0.28821608 -1.2191795 4.4059997
-0.31448707 -1.1883174 4.4059997
-0.2888537 -1.1879348 4.4060001
-0.36040956 -1.3912585 4.4630003
-0.34490809 -1.3912585 4.4630003
-0.2867775 -1.3602556 4.4630008
-0.28548571 -1.3279607 4.4630013
-0.29065287 -1.2982496 4.4630003
-0.31390512 -1.2284929 4.4630003
-0.29065287 -1.2207421 4.4630003
-0.31648871 -1.1768212 4.4630008
-0.28657866 -1.3426013 4.5210004
