# .PCD v0.7 - Point Cloud Data file format
VERSION 0.7
FIELDS x y z
SIZE 4 4 4
TYPE F F F
COUNT 1 1 1
WIDTH 518
HEIGHT 1
VIEWPOINT 0 0 0 1 0 0 0
POINTS 518
DATA ascii
-0.30704713 0.1920833 1.9470004
-0.29194763 0.19317843 1.9470003
-0.31683043 0.23330493 1.9458787
-0.29303986 0.22245985 1.9430956
-0.31624869 0.26753974 1.9408206
-0.29468819 0.26896462 1.9454719
-0.057574973 -0.010131217 1.9920003
-0.15394509 0.046702441 1.9920001
-0.1248858 0.046702441 1.9920002
-0.079740115 0.03574755 1.9919989
-0.022742979 0.031794649 1.9918727
0.0047567305 0.042810574 1.9920003
-0.15394509 0.051891603 1.9920001
-0.1258935 0.056253493 1.9919995
-0.071450762 0.075353697 1.9919999
-0.015048566 0.055005103 1.9920005
0.0092021124 0.059018049 1.9920003
-0.30773294 0.14388123 1.9920005
-0.29808843 0.14587307 1.9920001
-0.074331209 0.12650341 1.992002
-0.032500532 0.12991107 1.9920003
-0.32231307 0.17515734 1.977586
-0.29199877 0.17087199 1.9834138
-0.067743428 0.15934747 1.9919994
-0.037789334 0.17080221 1.9918351
0.091985144 0.19112925 1.9907147
0.12019809 0.18528385 1.9848237
-0.35309714 0.23442861 1.9603573
-0.33356228 0.21827705 1.9598143
-0.29073364 0.22952655 1.9580001
-0.1569894 0.24070787 1.9920003
-0.14702621 0.21044926 1.9920001
-0.026440006 0.24290211 1.9920003
0.0890297 0.2207901 1.9858259
0.11555078 0.21883029 1.9852397
-0.35273159 0.25730667 1.9624001
-0.33868518 0.27245811 1.9616669
-0.29583424 0.26693088 1.9580001
-0.15943953 0.27132192 1.9920001
-0.1461037 0.27825433 1.9920006
-0.023255127 0.25695953 1.9920003
-0.16217621 0.32719532 1.9920002
-0.14425865 0.33360538 1.9920006
-0.16954449 0.3781932 1.9920021
-0.14517298 0.37361959 1.9920006
-0.16516134 0.42515978 1.9920015
-0.14443165 0.43199754 1.9920005
-0.1689294 0.47589403 1.9920022
-0.14356676 0.45145696 1.9920001
-0.16975963 0.50942016 1.9919993
-0.10889761 -0.71230143 2.0300777
-0.07252717 -0.71867955 2.0135322
-0.040572874 -0.70789975 2.0205717
-0.10942855 -0.6764124 2.0354805
-0.07363873 -0.67723167 2.0187049
-0.034246109 -0.67691743 2.0340996
-0.1095885 -0.62625635 2.0357645
-0.074493326 -0.62670684 2.0304744
-0.041583497 -0.63123548 2.0379295
-0.10485481 -0.58486569 2.0390005
-0.073730923 -0.57407224 2.0371222
-0.043555077 -0.57797235 2.0390003
-0.071908444 -0.53970152 2.039001
-0.046387929 -0.54426146 2.039
-0.11508456 -0.25318605 2.039
-0.054886483 -0.26203871 2.039
-0.042099312 -0.26085836 2.039
-0.11419137 -0.22335802 2.0390012
-0.072198346 -0.20956919 2.039001
-0.030099038 -0.21907102 2.0390012
-0.15150695 -0.15605973 2.039
-0.12205503 -0.17277126 2.0346954
-0.074774079 -0.17200917 2.0390012
-0.026093157 -0.17235507 2.0387406
0.0033443377 -0.15679044 2.0389998
-0.15710331 -0.12234441 2.0379343
-0.12389015 -0.12503469 2.023216
-0.074102625 -0.12352839 2.0318384
-0.024752468 -0.12367657 2.0344701
0.0079294257 -0.12250086 2.0347426
-0.16424987 -0.070621356 2.0251627
-0.12507603 -0.074864276 2.0081189
-0.074604996 -0.073125735 2.0142412
-0.024567883 -0.073714636 2.0202682
0.014662308 -0.070189871 2.0266659
-0.20228323 -0.0092952922 2.0389998
-0.17256361 -0.023495628 2.0124245
-0.12528473 -0.024356412 2.0038557
-0.07537131 -0.024838209 2.0029981
-0.024396921 -0.024461463 2.0101023
0.023102324 -0.023326362 2.0272665
0.051345419 -0.007082127 2.039
-0.29921985 0.047804356 2.039
-0.21544202 0.029017305 2.0247643
-0.17434573 0.024013182 2.0044918
-0.12529235 0.023765733 2.0040669
-0.072631985 0.019711746 2.0030007
-0.025713941 0.017324504 2.0030015
0.025401365 0.02368089 2.0166609
0.056385186 0.031974159 2.0334191
-0.31304589 0.091818593 2.0338006
-0.27839005 0.088422447 2.0389998
-0.21886839 0.0788773 2.0364363
-0.17465743 0.075120829 2.0179858
-0.12490242 0.079939105 2.0038779
-0.075492971 0.074652277 2.0049994
-0.025324319 0.076852269 2.0033777
0.026535416 0.077211678 2.0117588
0.063206255 0.076783508 2.0267746
0.13605855 0.094655365 2.0389998
-0.31589705 0.12426588 2.0188084
-0.28982806 0.1231728 2.0342004
-0.22448403 0.1243255 2.0306981
-0.17524402 0.12500061 2.014174
-0.12526225 0.12526765 2.0035496
-0.07490088 0.12051477 2.0029988
-0.023455609 0.12464775 2.0029991
0.024497027 0.12576491 2.0116341
0.073132418 0.12821575 2.0294979
0.12255375 0.1260847 2.0264394
-0.32872236 0.15270805 2.003
-0.26905385 0.17593412 2.031646
-0.22536957 0.17521346 2.0256157
-0.17412767 0.17409509 2.0050805
-0.12551035 0.17485836 2.0125635
-0.07817667 0.18170139 2.0107903
-0.01624734 0.1752141 2.0030022
0.02447708 0.17459707 2.0107172
0.073056243 0.17309065 2.0155122
0.1218894 0.16089688 2.0063601
-0.26021406 0.21766756 2.0385799
-0.22432533 0.22469997 2.0195022
-0.17630337 0.22220674 2.0051396
-0.12468077 0.22547133 2.0249727
-0.073765717 0.2245357 2.0294394
-0.02417016 0.22360124 2.0034142
0.024088729 0.22413361 2.0107038
0.065860234 0.22556478 2.0202081
0.13378175 0.22933356 2.0052934
0.15292305 0.2243105 2.0150001
-0.25466144 0.29007214 2.0389998
-0.2239386 0.27456689 2.0141773
-0.18322332 0.2773838 2.0030019
-0.12548219 0.27238703 2.0250843
-0.076477207 0.27407968 2.0374353
-0.024412507 0.27652177 2.0062535
0.024764789 0.27472365 2.0116501
0.062665142 0.26986662 2.03075
0.11046372 0.25339705 2.0195003
-0.25912344 0.32705265 2.0379295
-0.22312889 0.32470131 2.0115225
-0.18259412 0.32350442 2.0030022
-0.13503666 0.32474142 2.0151207
-0.073919699 0.31670389 2.0389998
-0.023580607 0.32400247 2.0087521
0.024316037 0.32499504 2.0198531
0.058887232 0.32806569 2.03562
-0.2543844 0.36301607 2.0364285
-0.22400466 0.37512895 2.0165927
-0.1853905 0.36516798 2.0029991
-0.13329111 0.37612405 2.0179307
-0.090297118 0.35233581 2.039
-0.022869339 0.37415239 2.0145941
0.022421323 0.37314209 2.0257351
0.062125996 0.36146384 2.0390007
-0.22321813 0.42654553 2.0241535
-0.18891674 0.42671189 2.0045874
-0.12818511 0.42847657 2.0195231
-0.051043242 0.40831465 2.027
-0.023132369 0.42542806 2.0231478
0.013718525 0.42333117 2.0254695
-0.21606439 0.47134024 2.0206418
-0.19334115 0.47237676 2.0029993
-0.12759587 0.4744665 2.019732
-0.023757868 0.47467941 2.0240188
0.017685652 0.47307804 2.0283718
-0.2132187 0.51530659 2.0242634
-0.17676699 0.52143133 2.0062532
-0.13268584 0.51232708 2.0206568
-0.023287309 0.52027321 2.0307596
0.0095435055 0.52307475 2.0350008
-0.13222346 -0.70605642 2.061842
-0.026714277 -0.70822513 2.0510001
-0.15048565 -0.656335 2.0880001
-0.13294514 -0.67475849 2.0566223
-0.012393393 -0.67037308 2.0537143
-0.15048565 -0.64726961 2.0880001
-0.13164237 -0.626306 2.0675805
-0.020906555 -0.62241966 2.0550056
0.0017861618 -0.63945633 2.0570002
-0.12069436 -0.5731898 2.0628905
-0.096171394 -0.55387604 2.0510004
-0.027475346 -0.57503366 2.0627766
-0.11140704 -0.53670579 2.073715
-0.075865924 -0.51855332 2.062881
-0.03838082 -0.53609872 2.0726621
-0.077962443 -0.4976905 2.0880001
-0.15229872 -0.4006907 2.0880001
-0.11717032 -0.40809414 2.0879993
-0.080552548 -0.40609294 2.0879993
-0.036680002 -0.40557206 2.0880005
-0.25201812 -0.35898983 2.0880001
-0.23803151 -0.36106199 2.0879998
-0.17055497 -0.36920279 2.0860877
-0.12556568 -0.37356803 2.0791442
-0.076151825 -0.37495303 2.0831473
-0.026002459 -0.37435889 2.0802822
0.008515982 -0.36387965 2.0880003
-0.25201812 -0.34992445 2.0880001
-0.21079144 -0.32035726 2.0879989
-0.17523926 -0.32563475 2.0763237
-0.12505329 -0.3236542 2.0573897
-0.075264923 -0.32560515 2.0681701
-0.025335683 -0.32431364 2.0550075
0.014187805 -0.32253113 2.0747964
-0.20994714 -0.27757439 2.0855992
-0.17375104 -0.27427739 2.0624015
-0.12486349 -0.27500609 2.0511863
-0.07523004 -0.27491173 2.0539815
-0.022722492 -0.2760269 2.0509973
0.021673368 -0.27439067 2.070394
-0.20282851 -0.22963053 2.0880003
-0.1739507 -0.22467589 2.0648327
-0.13656439 -0.22570659 2.0524662
-0.075677142 -0.23099203 2.0509977
-0.017323801 -0.23224078 2.0509999
0.014245455 -0.22523883 2.0658717
-0.20257051 -0.17372607 2.0880003
-0.17418954 -0.17564087 2.0619519
-0.14203089 -0.1932333 2.0510004
-0.071831718 -0.18536738 2.0509999
-0.004749205 -0.19204597 2.0510006
0.015582971 -0.17471291 2.0639312
-0.2056406 -0.12319565 2.0871625
-0.1806042 -0.1264302 2.0617332
0.028495774 -0.1238341 2.0716567
-0.31970644 -0.070710123 2.0880001
-0.20936985 -0.074195474 2.0839996
-0.18684307 -0.079786025 2.0597298
0.037497096 -0.079678655 2.0682099
0.05484473 -0.069184527 2.0863638
-0.30961606 -0.020908775 2.087599
-0.2829887 -0.021024058 2.0847728
-0.22048894 -0.022307005 2.0762527
-0.1958155 -0.04456399 2.0527146
0.044559915 -0.041236859 2.0526004
0.060723122 -0.019930016 2.0609531
-0.31409106 0.025278751 2.0735197
-0.27653334 0.025931699 2.0798924
-0.23632595 0.019921193 2.0597951
0.072133206 0.024506183 2.0623021
0.12613687 0.031735383 2.0802834
-0.3141439 0.067651749 2.0538054
-0.2775504 0.072833665 2.0684986
-0.23488328 0.068644792 2.0538807
0.087963991 0.071983099 2.0623009
0.12307113 0.073691949 2.0618303
0.1511547 0.068329155 2.0725
-0.30098084 0.12288567 2.0510001
-0.26704779 0.13205668 2.0660005
0.082771845 0.11627071 2.0510004
0.11806662 0.10779995 2.0510004
-0.27284718 0.15854727 2.0611341
-0.26833642 0.23548102 2.0573597
-0.078955524 0.24755231 2.0510001
-0.26697743 0.27109906 2.0654068
-0.1125097 0.29292789 2.0509999
-0.073747873 0.27604496 2.0517118
0.083085015 0.28008935 2.0612524
0.10618646 0.27522936 2.0804446
-0.26434934 0.30711532 2.0523336
-0.11223625 0.32380605 2.0509987
-0.074775398 0.32438025 2.0645375
-0.048085701 0.3413491 2.0510001
0.08402887 0.32402065 2.0677834
0.10499382 0.33377156 2.0879998
-0.11296646 0.37477109 2.0618715
-0.070199646 0.36940804 2.0701139
-0.047556415 0.37742066 2.0552354
0.044286333 0.39097831 2.0510006
0.079710171 0.37919635 2.0611794
0.1047045 0.37709197 2.0820003
-0.25111419 0.42208555 2.0510004
-0.24755231 0.42564747 2.0510001
-0.11180972 0.41903549 2.0633481
-0.076360174 0.42035738 2.0677056
-0.045711096 0.43366176 2.0510006
0.038040321 0.42672816 2.0509992
0.07445439 0.4246611 2.0661974
0.1044223 0.4102447 2.0853333
-0.25056979 0.48646075 2.0760002
-0.23812243 0.48290005 2.0567148
-0.10993329 0.49138084 2.0510006
-0.054745808 0.48405859 2.0563042
-0.048085697 0.48798078 2.0510004
0.041023295 0.47496137 2.0510008
0.06972079 0.47178388 2.07286
0.10314759 0.4614428 2.0840003
-0.22932474 0.52086806 2.0578609
-0.19288984 0.5447793 2.0570002
-0.12181485 0.51982564 2.0538237
-0.061754961 0.5144912 2.0606005
-0.048085697 0.50828367 2.0510004
0.034048758 0.52494776 2.0567327
0.059534557 0.52104634 2.0797555
-0.21011934 0.56318361 2.0860002
-0.18291962 0.55903304 2.0880001
-0.14504641 0.55298942 2.0880001
-0.0071600163 0.55649805 2.0633001
0.019400306 0.55949187 2.0741823
-0.25056976 0.62732565 2.0760002
-0.24839197 0.62732565 2.0880001
-0.25201812 0.68715733 2.0880001
-0.24839197 0.68715733 2.0880001
-0.24718325 0.72100157 2.0880001
-0.2296274 0.87075764 2.0714445
-0.15722305 -0.65446723 2.1053333
-0.15841694 -0.63132346 2.1126726
-0.14535484 -0.61561966 2.1026962
-0.0044726813 -0.61682993 2.1129601
0.0059729922 -0.62733328 2.1266284
-0.14594947 -0.59656847 2.1010001
-0.013682762 -0.5655542 2.1010001
-0.12499426 -0.5185892 2.1125808
-0.06762249 -0.50429672 2.1055882
-0.035813332 -0.51674384 2.1192696
-0.25364885 -0.45247984 2.1400001
-0.24714504 -0.45526719 2.1400001
-0.16316435 -0.46762151 2.1386995
-0.12332639 -0.47626722 2.1172535
-0.075236313 -0.47524896 2.1081276
-0.035160344 -0.47392565 2.1309717
0.031482726 -0.4557426 2.1335001
-0.30369502 -0.40518409 2.1307144
-0.2708188 -0.42024252 2.1291103
-0.22577643 -0.42120567 2.1311505
-0.17437607 -0.42517847 2.1164558
-0.12712979 -0.43126154 2.1033535
-0.073416859 -0.43129495 2.1026633
-0.024419684 -0.42718372 2.1099856
0.018560521 -0.41813928 2.1307583
0.059354164 -0.40760899 2.1399999
-0.30986091 -0.37360394 2.1395934
-0.27615744 -0.37468976 2.1165693
-0.22505078 -0.37519315 2.1061702
-0.18444072 -0.39002591 2.1009994
-0.0042568594 -0.39467171 2.1010001
0.029573992 -0.37783331 2.112608
0.072604917 -0.37322128 2.1351731
0.11502136 -0.36223847 2.1292801
-0.3186917 -0.3228955 2.1363602
-0.2753911 -0.32465029 2.1189852
-0.23387276 -0.32839164 2.1014321
0.038445838 -0.3282662 2.1013014
0.074824117 -0.32530034 2.1276412
0.12199512 -0.32612702 2.129252
-0.35285795 -0.26675972 2.1399999
-0.32408658 -0.27518868 2.129986
-0.273808 -0.27487248 2.117382
-0.23551266 -0.27323774 2.1089227
0.046712901 -0.27600044 2.1019635
0.068676047 -0.27624431 2.1240313
0.12650539 -0.2743035 2.1250803
0.15535556 -0.26434031 2.1252272
-0.35306436 -0.24528681 2.1400001
-0.31934083 -0.23633821 2.1316314
-0.27450374 -0.22524983 2.1201844
-0.22887655 -0.22454222 2.1158011
0.039499834 -0.22553967 2.1091616
0.069907121 -0.23001616 2.136698
0.11310622 -0.23937228 2.1355679
0.16200773 -0.24579668 2.1348002
-0.30591363 -0.16299708 2.1372914
-0.27440089 -0.17461465 2.121664
-0.22977847 -0.17527929 2.1262527
0.040067583 -0.176521 2.1150391
0.063312694 -0.17281576 2.1399999
0.1122904 -0.17334662 2.1400003
-0.30965447 -0.12046344 2.1281636
-0.27478084 -0.12531061 2.1247058
-0.23131789 -0.12518018 2.1223085
0.045231774 -0.13008772 2.1062701
0.06199519 -0.12332647 2.1213918
0.13435717 -0.10997467 2.1318746
-0.31302959 -0.077417538 2.1111102
-0.2750136 -0.075064152 2.1138594
-0.23651038 -0.076814786 2.1190095
0.073737659 -0.07201127 2.1250668
0.12709245 -0.074022815 2.1211295
0.15235952 -0.076077469 2.1140001
-0.32284045 -0.030128669 2.1057556
-0.2642318 -0.03276794 2.1051719
-0.23884352 -0.03242287 2.104466
0.083622985 -0.028083231 2.1249528
0.12434499 -0.025615759 2.1062441
0.15159294 -0.025060022 2.1033638
-0.26407734 0.0077535659 2.1010001
0.090931609 0.020984698 2.1084626
0.11976181 0.016799502 2.1017461
0.14777383 0.052906685 2.1010001
0.11405585 0.28387198 2.1054831
0.10801 0.31969723 2.1029267
-0.060204156 0.39771229 2.1010001
0.11055672 0.38056326 2.1010001
-0.05655542 0.40500981 2.1010001
0.096691526 0.43967277 2.1010001
0.10854781 0.42476803 2.1050003
0.088604234 0.48536056 2.1092105
0.10194373 0.48104626 2.1192002
0.076714709 0.52643973 2.1056879
-0.22467038 0.58061337 2.107131
-0.17523435 0.57974505 2.1069181
-0.14805895 0.58005834 2.1226668
-0.005492711 0.5852319 2.1085262
0.029436655 0.58379585 2.1074357
0.072707281 0.57736069 2.1187708
-0.22539918 0.62488741 2.105592
-0.17496839 0.62523782 2.1188719
-0.14396887 0.63259566 2.1399999
-0.0069864923 0.62316763 2.1317267
0.025695475 0.6244728 2.1209168
0.074267536 0.62461621 2.1198916
0.10096112 0.62595892 2.1140001
-0.25531352 0.67073083 2.1243999
-0.2246668 0.67566776 2.1049817
-0.17514724 0.67576975 2.1225591
-0.14348482 0.67429066 2.1334996
-0.003185543 0.67506963 2.1399999
0.026453856 0.67384154 2.1275666
0.074154302 0.67464244 2.1237931
-0.22475605 0.72565252 2.1147428
-0.17707755 0.72385651 2.1265717
-0.14960255 0.70368606 2.1270001
-0.0018582334 0.70798689 2.1400001
0.026908647 0.72549659 2.1350281
0.070725791 0.72836798 2.1301003
-0.25086147 0.77859986 2.1399999
-0.22283585 0.7777496 2.1322687
-0.1820657 0.77452654 2.1390936
-0.0029731733 0.76150405 2.1400001
0.028092297 0.77076614 2.1330688
0.067871712 0.77037311 2.1289074
-0.22087626 0.82426643 2.1383626
-0.17988274 0.82435179 2.1394081
0.023650251 0.81891805 2.1399996
0.061282203 0.81472462 2.1389165
-0.2167104 0.87284404 2.1279433
-0.18461426 0.87462038 2.1350682
-0.0018582334 0.88266087 2.1400001
0.039994929 0.8827619 2.138227
0.057860117 0.88538498 2.1325245
-0.21287096 0.90330791 2.1400001
-0.18675247 0.90403056 2.1400001
0.02746056 0.90330791 2.1400001
0.052030534 0.90495968 2.1400001
-0.21990719 -0.45694962 2.1532857
-0.18968457 -0.46464813 2.1530001
-0.012415541 -0.46742842 2.1530001
0.018937979 -0.45865828 2.161617
0.051133547 -0.45262659 2.181
-0.22891255 -0.44515386 2.1530001
0.03341525 -0.43443084 2.157954
0.075091079 -0.4235447 2.1571193
0.10851622 -0.40855792 2.1566844
-0.32335418 -0.36951935 2.1558003
0.092852898 -0.38375053 2.1530004
0.10950057 -0.38886052 2.1530001
0.095034033 -0.31158695 2.1530001
0.10763104 -0.31666139 2.1530001
0.092469424 -0.27021778 2.1530001
0.11497708 -0.26959851 2.1545556
0.15461944 -0.25270879 2.1558001
-0.31759003 -0.21372086 2.16956
0.078490242 -0.22081125 2.1530011
0.12748384 -0.22209193 2.1647041
0.15677042 -0.24116233 2.1721249
-0.31178063 -0.19187795 2.1706667
-0.24116831 -0.15890935 2.1530001
0.078820586 -0.17420563 2.1530025
0.11948401 -0.17365402 2.1531179
-0.24093463 -0.12759489 2.1530001
0.082841992 -0.12564647 2.1591699
0.12007169 -0.12828134 2.1546612
0.084840693 -0.079341702 2.1568508
0.1072638 -0.092775024 2.1530001
0.1028237 0.49916229 2.1530001
0.093265817 0.57674432 2.1553335
0.1028237 0.58142126 2.1530001
-0.1469444 0.61881167 2.1530001
-0.011840304 0.64747775 2.1530004
0.096591964 0.61569583 2.1530001
-0.26609528 0.67988271 2.1530004
-0.15442251 0.68087977 2.1530001
-0.13834462 0.67863637 2.1530001
-0.0093504861 0.67491204 2.1533685
0.0018695217 0.68985349 2.1530001
-0.15517031 0.73638386 2.1530001
-0.0056121391 0.72246134 2.1538236
0.0077451598 0.72777808 2.1530001
0.089765236 0.71470886 2.1536365
-0.24203119 0.77498865 2.1530001
-0.16441953 0.78136176 2.1530001
-0.0039101057 0.77700108 2.1542728
0.011965546 0.79237473 2.1537001
0.084128477 0.79641628 2.1530001
-0.2381091 0.83975524 2.1530001
-0.0019051234 0.81348771 2.194
0.024042659 0.82849759 2.1537004
0.06849134 0.82698864 2.1556256
-0.23274943 0.85757953 2.1568184
-0.17168441 0.89145035 2.1530001
-0.0024456945 0.87378341 2.1540771
0.022837201 0.87480104 2.1539843
0.064702809 0.86205322 2.1541111
-0.21873404 0.91045707 2.1530001
-0.17293078 0.9057833 2.1530001
0.022383627 0.9061625 2.1544483
-0.32457066 -0.21126875 2.21175
